  1.00000000   0.25000000
  1.00000000   0.52541875
  0.88888889   1.10425943
  0.66666667   2.32079442
  1.00000000   4.87755556
  0.55555556  10.25103648
  0.33333333  21.54434690
  0.33333333  45.27921484
  0.22222222  95.16219296
  0.22222222 200.00000000
  0.25000000   0.25000000
  0.52541875   0.52541875
  0.52541875   1.10425943
  1.13368624   2.32079442
  1.13368624   4.87755556
  1.13368624  10.25103648
  3.95701384  21.54434690
  3.95701384  45.27921484
  3.95701384  95.16219296
 14.44079455 200.00000000
  2.71790075   0.25000000
  2.97035436   0.52541875
  3.35023520   1.10425943
  3.81326624   2.32079442
  4.40663852   4.87755556
  5.70412522  10.25103648
  8.44076327  21.54434690
 14.03739357  45.27921484
 26.27355505  95.16219296
 56.91073059 200.00000000
