  1.00000000   0.25000000
  1.00000000   0.52541875
  0.44444444   1.10425943
  0.22222222   2.32079442
  0.22222222   4.87755556
  1.00000000  10.25103648
  0.44444444  21.54434690
  0.33333333  45.27921484
  0.22222222  95.16219296
  0.11111111 200.00000000
  0.25000000   0.25000000
  0.25000000   0.52541875
  0.39471017   1.10425943
  1.30711141   2.32079442
  3.86387255   4.87755556
  3.86387255  10.25103648
  3.86387255  21.54434690
  3.86387255  45.27921484
  3.86387255  95.16219296
 11.72670808 200.00000000
  1.93144792   0.25000000
  2.13588733   0.52541875
  2.56105353   1.10425943
  2.89570528   2.32079442
  3.01348987   4.87755556
  3.31475844  10.25103648
  4.55792527  21.54434690
  7.51202119  45.27921484
 13.70911064  95.16219296
 28.94848384 200.00000000
