  1.00000000   0.25000000
  1.00000000   0.52541875
  1.00000000   1.10425943
  1.00000000   2.32079442
  1.00000000   4.87755556
  0.55555556  10.25103648
  0.33333333  21.54434690
  0.33333333  45.27921484
  0.22222222  95.16219296
  0.22222222 200.00000000
  0.25000000   0.25000000
  0.52541875   0.52541875
  0.67012892   1.10425943
  0.97426266   2.32079442
  0.97426266   4.87755556
  2.31763289  10.25103648
  2.31763289  21.54434690
  2.31763289  45.27921484
 14.78837742  95.16219296
 14.78837742 200.00000000
  2.91692725   0.25000000
  3.20199163   0.52541875
  3.56062534   1.10425943
  4.05593444   2.32079442
  4.72382030   4.87755556
  6.19320371  10.25103648
  9.32225574  21.54434690
 15.24872641  45.27921484
 29.57002059  95.16219296
 63.24648558 200.00000000
