  0.62830916   0.00000000   1.00494138   1.00000000
  0.93105497   0.40355661   1.00504585   1.01428226
  1.00824854   0.50647433   1.00505289   1.01318468
  1.02671551   0.53117094   1.00497622   1.01441421
  1.06569291   0.53810470   1.00489760   1.01351850
  1.01932239   0.51036615   1.00518747   1.00785713
  1.03767793   0.52890543   1.00500188   1.00689843
  1.03879113   0.52999903   1.00502590   1.00899600
  1.03892733   0.53024013   1.00491136   1.00898391
  1.04224184   0.53336874   1.00510456   1.00336807
  1.04007859   0.53146201   1.00485061   1.00695924
  1.04045267   0.53166531   1.00501683   1.00621572
  1.04339106   0.53482046   1.00480472   1.00422235
  1.04220843   0.53327166   1.00515841   1.00778725
  1.04204084   0.53315921   1.00510583   1.00913041
  1.00252175   0.53360115   1.00484545   1.00656425
  1.02830629   0.56795090   1.00487701   1.00836647
  0.96798847   0.57929417   1.00491565   1.00877625
  0.55984414   0.64231124   0.68212000   1.00000000
  0.68075603   0.80353391   0.68212000   1.00000000
  0.71075885   0.84353768   0.68212000   1.00000000
  0.71909202   0.85464857   0.68212000   1.00000000
  0.72119556   0.85745328   0.68212000   1.00000000
  0.72171519   0.85814612   0.68212000   1.00000000
  0.75817081   0.85964036   0.68212000   1.00000000
  0.76222143   0.82034819   0.68212000   1.00000000
  0.64240629   0.77982229   0.68212000   1.00000000
  0.75364928   0.86459890   0.68212000   1.00000000
  0.73272008   0.83674210   0.68212000   1.00000000
  0.72894032   0.82918257   0.68212000   1.00000000
  0.77096405   0.82547997   0.68212000   1.00000000
  0.75893255   0.77735396   0.68212000   1.00000000
  0.74941009   0.73926411   0.68212000   1.00000000
  0.88652626   0.70904387   0.68212000   1.00000000
  0.84011897   0.53239659   0.68212000   1.00000000
  0.79375571   0.39476341   0.68212000   1.00000000
  0.75195418   0.29853375   0.68212000   1.00000000
  0.82358150   0.24128333   0.68212000   1.00000000
  0.72193177   0.10531611   0.68212000   1.00000000
  0.69477304   0.06910447   0.68212000   1.00000000
  0.68760543   0.05954765   0.68212000   1.00000000
  0.68572344   0.05703834   0.68212000   1.00000000
  0.68522356   0.05637183   0.68212000   1.00000000
  0.68509436   0.05619957   0.68212000   1.00000000
  0.68506223   0.05615672   0.68212000   1.00000000
  0.68505178   0.05614279   0.68212000   1.00000000
  0.68504512   0.05613391   0.68212000   1.00000000
  0.68504764   0.05613728   0.68212000   1.00000000
  0.68504781   0.05613750   0.68212000   1.00000000
  0.68504695   0.05613636   0.68212000   1.00000000
  0.68504384   0.05613221   0.68212000   1.00000000
  0.68504265   0.05613062   0.68212000   1.00000000
  0.68504622   0.05613538   0.68212000   1.00000000
  0.73818098   0.05613481   0.68212000   1.00000000
