  0.62830916   0.00000000   1.00494138
  0.94435254   0.40932031   1.01940018
  1.03594204   0.52038563   1.03265861
  1.06971553   0.55341698   1.04706577
  1.12473192   0.56791551   1.06056857
  1.08380144   0.54265027   1.06877238
  1.11047644   0.56601090   1.07550799
  1.12101270   0.57194909   1.08457490
  1.13049331   0.57697291   1.09347933
  1.13761028   0.58217368   1.09707483
  1.14248725   0.58379105   1.10379064
  1.14936532   0.58731905   1.11022013
  1.15701687   0.59306267   1.11422845
  1.16382138   0.59549792   1.12244808
  1.17314850   0.60024032   1.13156639
  1.13523799   0.60424056   1.13786930
  1.17303925   0.64788936   1.14631232
  1.11272706   0.66591320   1.15517579
  0.64355490   0.73835291   0.78411408
  0.78254616   0.92368242   0.78411408
  0.81703516   0.96966775   0.78411408
  0.82661435   0.98244000   0.78411408
  0.82903241   0.98566409   0.78411408
  0.82962974   0.98646053   0.78411408
  0.87153639   0.98817819   0.78411408
  0.87619269   0.94301086   0.78411408
  0.73846217   0.89642531   0.78411408
  0.86633878   0.99387816   0.78411408
  0.84228014   0.96185607   0.78411408
  0.83793521   0.95316620   0.78411408
  0.88624255   0.94890997   0.78411408
  0.87241204   0.89358791   0.78411408
  0.86146572   0.84980267   0.78411408
  1.01908421   0.81506375   0.78411408
  0.96573787   0.61200326   0.78411408
  0.91244213   0.45379045   0.78411408
  0.86439023   0.34317204   0.78411408
  0.94672763   0.27736125   0.78411408
  0.82987871   0.12106351   0.78411408
  0.79865906   0.07943732   0.78411408
  0.79041972   0.06845153   0.78411408
  0.78825632   0.06556700   0.78411408
  0.78768170   0.06480084   0.78411408
  0.78753319   0.06460282   0.78411408
  0.78749624   0.06455356   0.78411408
  0.78748423   0.06453755   0.78411408
  0.78747658   0.06452734   0.78411408
  0.78747948   0.06453121   0.78411408
  0.78747967   0.06453147   0.78411408
  0.78747869   0.06453015   0.78411408
  0.78747511   0.06452538   0.78411408
  0.78747374   0.06452355   0.78411408
  0.78747784   0.06452902   0.78411408
  0.84855759   0.06452837   0.78411408
