  0.37324058   0.00339164   0.99208563
  0.35423425   0.12331324   0.74962161
  0.33063613   0.17264255   0.66519746
  0.32438687   0.18504477   0.64499200
  0.37124335   0.10606605   0.77778379
  0.33082261   0.16540861   0.66667032
  0.38595802   0.11027135   0.77778164
  0.38595984   0.11027394   0.77777825
  0.38595581   0.11026835   0.77778564
  0.38595890   0.11027256   0.77778003
  0.38595994   0.11027409   0.77777806
  0.44109375   0.05513572   0.88889078
  0.44109704   0.05513707   0.88888900
  0.44108818   0.05513345   0.88889379
  0.44109002   0.05513418   0.88889281
  0.34026890   0.19565594   0.64308975
  0.37799595   0.16652567   0.70042553
  0.42354364   0.19267771   0.69314753
  0.68724574   0.07734136   0.89944938
  0.66389650   0.14100138   0.82582842
  0.68883794   0.12606088   0.84604791
  0.68780985   0.12986669   0.84198869
  0.68758156   0.13079616   0.84096403
  0.72026166   0.09828927   0.88053318
  0.62524579   0.15834377   0.80020626
  0.71315613   0.02709063   0.96362997
  0.81953600   0.00000000   1.00000000
  0.79306962   0.00000000   1.00000000
  0.78614202   0.00000000   1.00000000
  0.78236226   0.00000000   1.00000000
  0.73663592   0.00000000   1.00000000
  0.70054141   0.00000000   1.00000000
  0.67197402   0.00000000   1.00000000
  0.50463762   0.00000000   1.00000000
  0.37439762   0.00000000   1.00000000
  0.28312770   0.00000000   1.00000000
  0.22869956   0.00000000   1.00000000
  0.09982183   0.00000000   1.00000000
  0.06550434   0.00000000   1.00000000
  0.05645143   0.00000000   1.00000000
  0.05406223   0.00000000   1.00000000
  0.05343490   0.00000000   1.00000000
  0.05326827   0.00000000   1.00000000
  0.05322521   0.00000000   1.00000000
  0.05321449   0.00000000   1.00000000
  0.05321101   0.00000000   1.00000000
  0.05320879   0.00000000   1.00000000
  0.05320963   0.00000000   1.00000000
  0.05320969   0.00000000   1.00000000
  0.05320940   0.00000000   1.00000000
  0.05320837   0.00000000   1.00000000
  0.05320797   0.00000000   1.00000000
  0.05320916   0.00000000   1.00000000
  0.00000000   0.00007383   0.00000000
