  1.00000000   0.25000000
  1.00000000   0.52541875
  1.00000000   1.10425943
  1.00000000   2.32079442
  1.00000000   4.87755556
  0.66666667  10.25103648
  0.55555556  21.54434690
  0.55555556  45.27921484
  0.44444444  95.16219296
  0.44444444 200.00000000
  0.25000000   0.25000000
  0.52541875   0.52541875
  0.95954926   1.10425943
  0.95954926   2.32079442
  1.59873954   4.87755556
  1.59873954  10.25103648
  4.42206715  21.54434690
 10.35578413  45.27921484
 10.35578413  95.16219296
 21.51839891 200.00000000
 71.96324843   0.25000000
 83.49952876   0.52541875
 94.97970104   1.10425943
109.00830897   2.32079442
151.96849303   4.87755556
245.26788206  10.25103648
441.85478231  21.54434690
839.20499557  45.27921484
1681.31991169  95.16219296
3514.31587231 200.00000000
