  1.00000000   0.25000000
  1.00000000   0.52541875
  1.00000000   1.10425943
  0.00000000   2.32079442
  0.00000000   4.87755556
  1.00000000  10.25103648
  1.00000000  21.54434690
  0.55555556  45.27921484
  0.77777778  95.16219296
  0.11111111 200.00000000
  0.24975000   0.25000000
  0.38745937   0.52541875
  0.67687972   1.10425943
  1.58928095   2.32079442
  4.14604210   4.87755556
  4.14604210  10.25103648
  4.14604210  21.54434690
  4.14604210  45.27921484
  4.14604210  95.16219296
  9.38793245 200.00000000
  3.28439461   0.25000000
  3.45241378   0.52541875
  3.65754512   1.10425943
  3.80014552   2.32079442
  3.88841177   4.87755556
  4.08683269  10.25103648
  5.14561614  21.54434690
  8.76741859  45.27921484
 14.34468424  95.16219296
 26.88571462 200.00000000
