  1.00000000   0.25000000
  1.00000000   0.52541875
  1.00000000   1.10425943
  1.00000000   2.32079442
  1.00000000   4.87755556
  1.00000000  10.25103648
  1.00000000  21.54434690
  0.66666667  45.27921484
  0.55555556  95.16219296
  0.22222222 200.00000000
  0.25000000   0.25000000
  0.38770937   0.52541875
  0.53241954   1.10425943
  1.14068704   2.32079442
  1.14068704   4.87755556
  1.14068704  10.25103648
  1.14068704  21.54434690
  1.14068704  45.27921484
 13.61143157  95.16219296
 13.61143157 200.00000000
  5.23543745   0.25000000
  5.49597031   0.52541875
  6.00089390   1.10425943
  6.49322834   2.32079442
  7.32164399   4.87755556
  9.33900009  10.25103648
 12.46992661  21.54434690
 19.01754354  45.27921484
 33.62006257  95.16219296
 75.37876551 200.00000000
