  1.00000000   0.25000000
  1.00000000   0.52541875
  1.00000000   1.10425943
  1.00000000   2.32079442
  1.00000000   4.87755556
  0.66666667  10.25103648
  0.55555556  21.54434690
  0.55555556  45.27921484
  0.44444444  95.16219296
  0.44444444 200.00000000
  0.25000000   0.25000000
  0.52541875   0.52541875
  0.95954926   1.10425943
  0.95954926   2.32079442
  1.59873954   4.87755556
  1.59873954  10.25103648
  4.42206715  21.54434690
  4.42206715  45.27921484
 16.89281168  95.16219296
 26.08444357 200.00000000
 55.59634015   0.25000000
 63.48381801   0.52541875
 71.18678579   1.10425943
 80.01097111   2.32079442
107.49916517   4.87755556
169.71479735  10.25103648
299.55019906  21.54434690
558.91630591  45.27921484
1121.92177386  95.16219296
2343.56569737 200.00000000
