  1.00000000   0.25000000
  1.00000000   0.52541875
  0.77777778   1.10425943
  0.77777778   2.32079442
  0.77777778   4.87755556
  0.55555556  10.25103648
  1.00000000  21.54434690
  0.55555556  45.27921484
  0.55555556  95.16219296
  0.33333333 200.00000000
  0.24975000   0.25000000
  0.31860469   0.52541875
  0.60802503   1.10425943
  1.82456002   2.32079442
  4.38132116   4.87755556
  4.38132116  10.25103648
  4.38132116  21.54434690
  4.38132116  45.27921484
  4.38132116  95.16219296
 14.86510186 200.00000000
  2.62943387   0.25000000
  2.77481049   0.52541875
  2.93405280   1.10425943
  3.03754513   2.32079442
  3.09347204   4.87755556
  3.20914260  10.25103648
  3.51895274  21.54434690
  6.12766191  45.27921484
 11.43132405  95.16219296
 17.46606096 200.00000000
