  1.00000000   0.25000000
  1.00000000   0.52541875
  0.88888889   1.10425943
  0.88888889   2.32079442
  0.88888889   4.87755556
  1.00000000  10.25103648
  1.00000000  21.54434690
  0.55555556  45.27921484
  0.66666667  95.16219296
  0.22222222 200.00000000
  0.24975000   0.25000000
  0.31860469   0.52541875
  0.60802503   1.10425943
  1.82456002   2.32079442
  4.38132116   4.87755556
  4.38132116  10.25103648
  4.38132116  21.54434690
  4.38132116  45.27921484
  4.38132116  95.16219296
 12.24415669 200.00000000
  3.02597854   0.25000000
  3.18382204   0.52541875
  3.36726451   1.10425943
  3.49345053   2.32079442
  3.56179955   4.87755556
  3.71996958  10.25103648
  4.42951197  21.54434690
  7.78011906  45.27921484
 13.29726809  95.16219296
 22.79826857 200.00000000
