  1.00000000   0.25000000
  1.00000000   0.52541875
  1.00000000   1.10425943
  1.00000000   2.32079442
  1.00000000   4.87755556
  1.00000000  10.25103648
  1.00000000  21.54434690
  0.55555556  45.27921484
  0.55555556  95.16219296
  0.22222222 200.00000000
  0.25000000   0.25000000
  0.52541875   0.52541875
  0.52541875   1.10425943
  1.13368624   2.32079442
  1.13368624   4.87755556
  1.13368624  10.25103648
  1.13368624  21.54434690
  1.13368624  45.27921484
 13.60443077  95.16219296
 13.60443077 200.00000000
  6.09089352   0.25000000
  6.40660257   0.52541875
  6.85122204   1.10425943
  7.43576589   2.32079442
  8.51975246   4.87755556
 10.86668556  10.25103648
 14.68034153  21.54434690
 23.43015643  45.27921484
 43.87892307  95.16219296
 92.49256052 200.00000000
