  1.00000000   0.25000000
  1.00000000   0.52541875
  1.00000000   1.10425943
  1.00000000   2.32079442
  1.00000000   4.87755556
  0.88888889  10.25103648
  0.66666667  21.54434690
  0.55555556  45.27921484
  0.55555556  95.16219296
  0.33333333 200.00000000
  0.25000000   0.25000000
  0.52541875   0.52541875
  0.95954926   1.10425943
  1.26368301   2.32079442
  1.26368301   4.87755556
  1.26368301  10.25103648
  4.08701061  21.54434690
  4.08701061  45.27921484
 16.55775514  95.16219296
 16.55775514 200.00000000
 21.78657745   0.25000000
 23.78965679   0.52541875
 25.64762120   1.10425943
 27.62943743   2.32079442
 33.72061043   4.87755556
 47.53754226  10.25103648
 75.35738362  21.54434690
140.74668659  45.27921484
255.46563036  95.16219296
553.21274927 200.00000000
