  1.00000000   0.25000000
  1.00000000   0.52541875
  0.77777778   1.10425943
  0.77777778   2.32079442
  0.77777778   4.87755556
  0.55555556  10.25103648
  1.00000000  21.54434690
  0.55555556  45.27921484
  0.55555556  95.16219296
  0.33333333 200.00000000
  0.24975000   0.25000000
  0.31860469   0.52541875
  0.60802503   1.10425943
  1.82456002   2.32079442
  4.38132116   4.87755556
  4.38132116  10.25103648
  4.38132116  21.54434690
  4.38132116  45.27921484
  4.38132116  95.16219296
 14.86510186 200.00000000
  2.55337150   0.25000000
  2.69645270   0.52541875
  2.85126522   1.10425943
  2.95058097   2.32079442
  3.00422590   4.87755556
  3.11327661  10.25103648
  3.36214879  21.54434690
  5.78557722  45.27921484
 11.01765571  95.16219296
 16.52809830 200.00000000
