  1.00000000   0.25000000
  1.00000000   0.52541875
  1.00000000   1.10425943
  0.55555556   2.32079442
  1.00000000   4.87755556
  1.00000000  10.25103648
  1.00000000  21.54434690
  0.77777778  45.27921484
  0.66666667  95.16219296
  0.11111111 200.00000000
  0.25000000   0.25000000
  0.25000000   0.52541875
  0.39471017   1.10425943
  1.30711141   2.32079442
  1.30711141   4.87755556
  1.30711141  10.25103648
  1.30711141  21.54434690
  1.30711141  45.27921484
  1.30711141  95.16219296
  6.54900176 200.00000000
  3.99438921   0.25000000
  4.23831042   0.52541875
  4.70757299   1.10425943
  5.07539778   2.32079442
  5.31613929   4.87755556
  6.73504398  10.25103648
  8.96304240  21.54434690
 12.66491279  45.27921484
 19.93134267  95.16219296
 48.35707661 200.00000000
