  1.00000000   0.25000000
  1.00000000   0.52541875
  1.00000000   1.10425943
  1.00000000   2.32079442
  1.00000000   4.87755556
  1.00000000  10.25103648
  1.00000000  21.54434690
  0.66666667  45.27921484
  0.55555556  95.16219296
  0.22222222 200.00000000
  0.25000000   0.25000000
  0.52541875   0.52541875
  0.52541875   1.10425943
  1.13368624   2.32079442
  1.13368624   4.87755556
  1.13368624  10.25103648
  1.13368624  21.54434690
  1.13368624  45.27921484
 13.60443077  95.16219296
 13.60443077 200.00000000
  5.63652845   0.25000000
  5.91880050   0.52541875
  6.39063279   1.10425943
  6.92559789   2.32079442
  7.88559966   4.87755556
 10.05418198  10.25103648
 13.49794555  21.54434690
 21.03154442  45.27921484
 38.28799562  95.16219296
 83.44026635 200.00000000
