  1.00000000   0.25000000
  1.00000000   0.52541875
  1.00000000   1.10425943
  1.00000000   2.32079442
  1.00000000   4.87755556
  0.88888889  10.25103648
  0.77777778  21.54434690
  0.44444444  45.27921484
  0.66666667  95.16219296
  0.33333333 200.00000000
  0.25000000   0.25000000
  0.52541875   0.52541875
  0.95954926   1.10425943
  1.26368301   2.32079442
  1.26368301   4.87755556
  1.26368301  10.25103648
  4.08701061  21.54434690
  4.08701061  45.27921484
  4.08701061  95.16219296
 14.57079131 200.00000000
 16.53889610   0.25000000
 17.88044911   0.52541875
 19.10979801   1.10425943
 20.51042529   2.32079442
 24.47263941   4.87755556
 33.75911262  10.25103648
 50.97121091  21.54434690
 95.75244215  45.27921484
168.27430193  95.16219296
364.05626724 200.00000000
