  1.00000000   0.25000000
  1.00000000   0.52541875
  1.00000000   1.10425943
  0.66666667   2.32079442
  1.00000000   4.87755556
  1.00000000  10.25103648
  1.00000000  21.54434690
  0.77777778  45.27921484
  0.66666667  95.16219296
  0.11111111 200.00000000
  0.25000000   0.25000000
  0.25000000   0.52541875
  0.39471017   1.10425943
  1.30711141   2.32079442
  1.30711141   4.87755556
  1.30711141  10.25103648
  1.30711141  21.54434690
  1.30711141  45.27921484
  1.30711141  95.16219296
  9.16994694 200.00000000
  4.17326777   0.25000000
  4.42372611   0.52541875
  4.90667628   1.10425943
  5.29338053   2.32079442
  5.61778446   4.87755556
  7.15782815  10.25103648
  9.50120782  21.54434690
 13.58686720  45.27921484
 21.76654916  95.16219296
 52.46429014 200.00000000
