  1.00000000   0.25000000
  1.00000000   0.52541875
  1.00000000   1.10425943
  0.22222222   2.32079442
  0.22222222   4.87755556
  1.00000000  10.25103648
  1.00000000  21.54434690
  0.66666667  45.27921484
  0.77777778  95.16219296
  0.11111111 200.00000000
  0.24975000   0.25000000
  0.38745937   0.52541875
  0.67687972   1.10425943
  1.58928095   2.32079442
  4.14604210   4.87755556
  4.14604210  10.25103648
  4.14604210  21.54434690
  4.14604210  45.27921484
  4.14604210  95.16219296
  9.38793245 200.00000000
  3.42687976   0.25000000
  3.60282493   0.52541875
  3.81978574   1.10425943
  3.97698710   2.32079442
  4.07120986   4.87755556
  4.30939621  10.25103648
  5.56805278  21.54434690
  9.27420419  45.27921484
 14.89301028  95.16219296
 29.46458850 200.00000000
