  1.00000000   0.25000000
  1.00000000   0.52541875
  0.88888889   1.10425943
  0.88888889   2.32079442
  0.88888889   4.87755556
  1.00000000  10.25103648
  1.00000000  21.54434690
  0.55555556  45.27921484
  0.77777778  95.16219296
  0.11111111 200.00000000
  0.24975000   0.25000000
  0.31860469   0.52541875
  0.60802503   1.10425943
  1.82456002   2.32079442
  4.38132116   4.87755556
  4.38132116  10.25103648
  4.38132116  21.54434690
  4.38132116  45.27921484
  4.38132116  95.16219296
  9.62321151 200.00000000
  3.15058235   0.25000000
  3.31375100   0.52541875
  3.50583135   1.10425943
  3.63956239   2.32079442
  3.71204940   4.87755556
  3.89512178  10.25103648
  4.75629525  21.54434690
  8.26289638  45.27921484
 13.81261340  95.16219296
 24.68574906 200.00000000
