  1.00000000   0.25000000
  1.00000000   0.52541875
  1.00000000   1.10425943
  0.44444444   2.32079442
  0.44444444   4.87755556
  1.00000000  10.25103648
  0.77777778  21.54434690
  0.77777778  45.27921484
  0.77777778  95.16219296
  0.11111111 200.00000000
  0.25000000   0.25000000
  0.25000000   0.52541875
  0.39471017   1.10425943
  1.30711141   2.32079442
  3.86387255   4.87755556
  3.86387255  10.25103648
  3.86387255  21.54434690
  3.86387255  45.27921484
  3.86387255  95.16219296
  6.48481773 200.00000000
  3.45570396   0.25000000
  3.68302864   0.52541875
  4.10761874   1.10425943
  4.41241737   2.32079442
  4.54402422   4.87755556
  4.86620169  10.25103648
  6.61094603  21.54434690
 10.35034896  45.27921484
 16.02666101  95.16219296
 36.14225910 200.00000000
