  1.00000000   0.25000000
  1.00000000   0.52541875
  1.00000000   1.10425943
  1.00000000   2.32079442
  1.00000000   4.87755556
  0.88888889  10.25103648
  0.77777778  21.54434690
  0.55555556  45.27921484
  0.66666667  95.16219296
  0.33333333 200.00000000
  0.25000000   0.25000000
  0.52541875   0.52541875
  0.95954926   1.10425943
  1.26368301   2.32079442
  1.26368301   4.87755556
  1.26368301  10.25103648
  1.26368301  21.54434690
  7.19739999  45.27921484
  7.19739999  95.16219296
 15.06023552 200.00000000
 14.60317430   0.25000000
 15.72285484   0.52541875
 16.74355868   1.10425943
 17.96060510   2.32079442
 21.24704513   4.87755556
 29.04913758  10.25103648
 43.00298255  21.54434690
 78.25567219  45.27921484
143.64077564  95.16219296
302.10972877 200.00000000
