  1.00000000   0.25000000
  1.00000000   0.52541875
  1.00000000   1.10425943
  1.00000000   2.32079442
  1.00000000   4.87755556
  0.88888889  10.25103648
  0.77777778  21.54434690
  0.55555556  45.27921484
  0.55555556  95.16219296
  0.33333333 200.00000000
  0.25000000   0.25000000
  0.52541875   0.52541875
  0.95954926   1.10425943
  1.26368301   2.32079442
  1.26368301   4.87755556
  1.26368301  10.25103648
  4.08701061  21.54434690
  4.08701061  45.27921484
 16.55775514  95.16219296
 16.55775514 200.00000000
 18.88955162   0.25000000
 20.51701953   0.52541875
 22.01695255   1.10425943
 23.66278061   2.32079442
 28.52719162   4.87755556
 39.75219492  10.25103648
 61.43816360  21.54434690
115.21674536  45.27921484
205.29061828  95.16219296
445.22707659 200.00000000
