  1.00000000   0.25000000
  1.00000000   0.52541875
  1.00000000   1.10425943
  0.44444444   2.32079442
  1.00000000   4.87755556
  1.00000000  10.25103648
  1.00000000  21.54434690
  0.77777778  45.27921484
  0.66666667  95.16219296
  0.11111111 200.00000000
  0.25000000   0.25000000
  0.25000000   0.52541875
  0.53942034   1.10425943
  1.14768784   2.32079442
  1.14768784   4.87755556
  1.14768784  10.25103648
  1.14768784  21.54434690
  1.14768784  45.27921484
  1.14768784  95.16219296
  9.01052336 200.00000000
  4.37431437   0.25000000
  4.63199988   0.52541875
  5.13316346   1.10425943
  5.53459287   2.32079442
  5.96622675   4.87755556
  7.62302953  10.25103648
 10.09861757  21.54434690
 14.63096853  45.27921484
 23.92268962  95.16219296
 57.10484202 200.00000000
