  1.00000000   0.25000000
  1.00000000   0.52541875
  1.00000000   1.10425943
  1.00000000   2.32079442
  1.00000000   4.87755556
  0.77777778  10.25103648
  0.55555556  21.54434690
  0.55555556  45.27921484
  0.44444444  95.16219296
  0.44444444 200.00000000
  0.25000000   0.25000000
  0.52541875   0.52541875
  0.95954926   1.10425943
  1.26368301   2.32079442
  1.26368301   4.87755556
  1.26368301  10.25103648
  4.08701061  21.54434690
  4.08701061  45.27921484
 16.55775514  95.16219296
 21.06104716 200.00000000
 36.12634744   0.25000000
 40.31705411   0.52541875
 44.30349015   1.10425943
 48.51578003   2.32079442
 62.26769843   4.87755556
 92.31938472  10.25103648
158.39696656  21.54434690
290.73791640  45.27921484
566.29828228  95.16219296
1203.24751555 200.00000000
