  1.00000000   0.25000000
  1.00000000   0.52541875
  1.00000000   1.10425943
  0.00000000   2.32079442
  0.00000000   4.87755556
  0.22222222  10.25103648
  1.00000000  21.54434690
  0.55555556  45.27921484
  0.44444444  95.16219296
  0.33333333 200.00000000
  0.19981250   0.25000000
  0.26866719   0.52541875
  0.70279770   1.10425943
  1.61519894   2.32079442
  4.17196008   4.87755556
  4.17196008  10.25103648
  4.17196008  21.54434690
  4.17196008  45.27921484
  4.17196008  95.16219296
 14.65574079 200.00000000
  2.28293589   0.25000000
  2.41676118   0.52541875
  2.55743026   1.10425943
  2.64228152   2.32079442
  2.69386763   4.87755556
  2.77237818  10.25103648
  2.83105793  21.54434690
  4.47207785  45.27921484
  9.24646606  95.16219296
 13.24512246 200.00000000
