  1.00000000   0.25000000
  1.00000000   0.52541875
  0.77777778   1.10425943
  0.77777778   2.32079442
  0.77777778   4.87755556
  0.33333333  10.25103648
  1.00000000  21.54434690
  0.55555556  45.27921484
  0.44444444  95.16219296
  0.33333333 200.00000000
  0.19981250   0.25000000
  0.33752187   0.52541875
  0.62694222   1.10425943
  1.84347720   2.32079442
  4.40023834   4.87755556
  4.40023834  10.25103648
  4.40023834  21.54434690
  4.40023834  45.27921484
  4.40023834  95.16219296
 14.88401905 200.00000000
  2.32325967   0.25000000
  2.45825490   0.52541875
  2.60231696   1.10425943
  2.68695707   2.32079442
  2.73338754   4.87755556
  2.82415829  10.25103648
  2.90793283  21.54434690
  4.67561905  45.27921484
  9.56095286  95.16219296
 13.75829967 200.00000000
