  1.00000000   0.25000000
  1.00000000   0.52541875
  1.00000000   1.10425943
  1.00000000   2.32079442
  1.00000000   4.87755556
  0.77777778  10.25103648
  0.55555556  21.54434690
  0.55555556  45.27921484
  0.44444444  95.16219296
  0.44444444 200.00000000
  0.25000000   0.25000000
  0.52541875   0.52541875
  0.95954926   1.10425943
  1.26368301   2.32079442
  1.26368301   4.87755556
  1.26368301  10.25103648
  4.08701061  21.54434690
  4.08701061  45.27921484
 16.55775514  95.16219296
 25.56433919 200.00000000
 44.27811353   0.25000000
 49.92411673   0.52541875
 55.35790424   1.10425943
 61.27539326   2.32079442
 80.36672451   4.87755556
122.36539801  10.25103648
214.17608443  21.54434690
393.59252306  45.27921484
783.30032938  95.16219296
1646.37177104 200.00000000
