  1.00000000   0.25000000
  1.00000000   0.52541875
  1.00000000   1.10425943
  0.55555556   2.32079442
  0.55555556   4.87755556
  1.00000000  10.25103648
  1.00000000  21.54434690
  0.88888889  45.27921484
  0.77777778  95.16219296
  0.11111111 200.00000000
  0.25000000   0.25000000
  0.25000000   0.52541875
  0.39471017   1.10425943
  1.30711141   2.32079442
  3.86387255   4.87755556
  3.86387255  10.25103648
  3.86387255  21.54434690
  3.86387255  45.27921484
  3.86387255  95.16219296
  6.48481773 200.00000000
  3.69370631   0.25000000
  3.92892797   0.52541875
  4.37510981   1.10425943
  4.70881441   2.32079442
  4.85331652   4.87755556
  5.54505515  10.25103648
  7.94998149  21.54434690
 11.29214326  45.27921484
 17.52181013  95.16219296
 41.50860804 200.00000000
