  1.00000000   0.25000000
  1.00000000   0.52541875
  1.00000000   1.10425943
  1.00000000   2.32079442
  0.77777778   4.87755556
  0.55555556  10.25103648
  0.55555556  21.54434690
  0.55555556  45.27921484
  0.44444444  95.16219296
  0.44444444 200.00000000
  0.25000000   0.25000000
  0.52541875   0.52541875
  0.95954926   1.10425943
  0.95954926   2.32079442
  1.59873954   4.87755556
  2.94210978  10.25103648
  5.76543738  21.54434690
 11.69915437  45.27921484
 24.16989889  95.16219296
 50.59126444 200.00000000
210.21943433   0.25000000
267.23565859   0.52541875
330.77455597   1.10425943
430.81525406   2.32079442
696.46103893   4.87755556
1240.40130980  10.25103648
2388.84197857  21.54434690
4797.37980954  45.27921484
9813.67039570  95.16219296
20534.31007127 200.00000000
