  0.76518784   0.00000000   1.00545694   1.00000000
  0.88550124   0.24045193   1.00563180   1.07840002
  0.94451724   0.35931036   1.00480537   1.07299032
  0.97381751   0.41814711   1.00456915   1.06970651
  0.98794093   0.44553249   1.00543062   1.06803455
  1.08633149   0.46131490   1.00526611   1.06514947
  1.02673934   0.38158121   1.00535503   1.06316219
  1.01382284   0.36446089   1.00522418   1.05814717
  1.01064886   0.36102118   1.00449896   1.05824410
  1.00981865   0.35886417   1.00546846   1.06063176
  1.01365114   0.36470050   1.00478347   1.04215383
  1.01058226   0.36031501   1.00510515   1.05434212
  1.01270053   0.36403365   1.00428888   1.04231337
  1.01700191   0.36921605   1.00481536   1.03108681
  1.01554961   0.36678792   1.00515525   1.04237142
  0.94725909   0.36756682   1.00518432   1.03682511
  1.00284452   0.44143182   1.00558835   1.02573590
  1.01517605   0.45847257   1.00498701   1.02844893
  1.02282970   0.46906466   1.00464441   1.01539364
  1.02076215   0.46606248   1.00488559   1.02462230
  1.02288193   0.46869737   1.00508713   1.01731686
  1.02137351   0.46693877   1.00483364   1.02530412
  1.02765038   0.47528319   1.00486421   1.00599505
  1.02503317   0.47107310   1.00558469   1.01754451
  1.02660183   0.47359547   1.00515275   1.01153063
  1.02779741   0.47544483   1.00489815   1.00776643
  1.02812220   0.47545575   1.00530554   1.00905361
  1.02724946   0.47459126   1.00499744   1.01433373
  1.02719627   0.47393922   1.00554150   1.01488428
  1.02876643   0.47669422   1.00494125   1.00601079
  1.02894597   0.47698020   1.00487277   1.00887221
  1.03068678   0.47848380   1.00567857   1.00254386
  1.03359027   0.48281284   1.00525099   0.99549026
  1.03343944   0.48272784   1.00513830   0.99643341
  1.02943460   0.47708666   1.00543970   1.00867955
  1.03038815   0.47891189   1.00488052   1.00177647
  1.03204341   0.48095832   1.00503620   1.00074865
  1.03071355   0.47883312   1.00536393   1.00975166
  1.02689473   0.47399123   1.00514154   1.01532107
  1.02833410   0.47588198   1.00517682   1.01159072
  1.02969527   0.47753379   1.00533276   1.00736469
  1.02962941   0.47725661   1.00551566   1.01153847
  1.02815480   0.47533100   1.00548896   1.01094626
  1.02771211   0.47452902   1.00569457   1.01042046
  1.02350629   0.46955545   1.00503682   1.02326274
  0.95754662   0.47329966   1.00517822   1.01427419
  0.54892076   0.53576927   0.68212000   1.00000000
  0.66258956   0.68750570   0.68212000   1.00000000
  0.69149806   0.72605037   0.68212000   1.00000000
  0.69879135   0.73577476   0.68212000   1.00000000
  0.70064490   0.73824615   0.68212000   1.00000000
  0.70112061   0.73888044   0.68212000   1.00000000
  0.70124760   0.73904975   0.68212000   1.00000000
  0.70125313   0.73905712   0.68212000   1.00000000
  0.70127777   0.73908998   0.68212000   1.00000000
  0.70127925   0.73909195   0.68212000   1.00000000
  0.70126283   0.73907006   0.68212000   1.00000000
  0.70127793   0.73909020   0.68212000   1.00000000
  0.70127084   0.73908074   0.68212000   1.00000000
  0.70126574   0.73907394   0.68212000   1.00000000
  0.70173965   0.73970582   0.68212000   1.00000000
  0.70185880   0.73986469   0.68212000   1.00000000
  0.70188686   0.73990210   0.68212000   1.00000000
  0.70189802   0.73991698   0.68212000   1.00000000
  0.69131401   0.73992837   0.68212000   1.00000000
  0.69611059   0.74952153   0.68212000   1.00000000
  0.69853925   0.75437885   0.68212000   1.00000000
  0.69399455   0.75929103   0.68212000   1.00000000
  0.69919410   0.76969014   0.68212000   1.00000000
  0.84694670   0.77577500   0.68212000   1.00000000
  0.72291052   0.63326584   0.68212000   1.00000000
  0.71887934   0.61714114   0.68212000   1.00000000
  0.71597689   0.60553132   0.68212000   1.00000000
  0.85794575   0.59740271   0.68212000   1.00000000
  0.81006384   0.44033856   0.68212000   1.00000000
  0.76447389   0.32709044   0.68212000   1.00000000
  0.73117638   0.25553740   0.68212000   1.00000000
  0.80473610   0.21596879   0.68212000   1.00000000
  0.71609774   0.09753741   0.68212000   1.00000000
  0.69274694   0.06640301   0.68212000   1.00000000
  0.74031562   0.05826966   0.68212000   1.00000000
