  0.76518784   0.00000000   1.00545694
  0.95492455   0.25930336   1.08447336
  1.08750802   0.41370648   1.15692319
  1.18912548   0.51059812   1.22667622
  1.27358566   0.57434992   1.29613217
  1.47119795   0.62474994   1.36141266
  1.45534455   0.54086964   1.42503350
  1.49598706   0.53779493   1.48329896
  1.55016791   0.55374667   1.54073497
  1.61012158   0.57219675   1.60318535
  1.65896164   0.59687610   1.64444863
  1.70885622   0.60927900   1.69959464
  1.75528891   0.63097058   1.74070921
  1.79435974   0.65143084   1.77285824
  1.83482763   0.66268807   1.81604779
  1.74632776   0.67763102   1.85311634
  1.87461188   0.82516614   1.87974091
  1.92654382   0.87006337   1.90720764
  1.95681356   0.89738506   1.92202261
  1.97799155   0.90311701   1.94722660
  1.99981229   0.91633915   1.96502209
  2.02270816   0.92471644   1.98995293
  2.04129957   0.94409090   1.99603768
  2.05408452   0.94399283   2.01511131
  2.06906535   0.95450831   2.02583578
  2.07945728   0.96192811   2.03312711
  2.08942263   0.96625479   2.04305299
  2.10237329   0.97130058   2.05683222
  2.11755352   0.97702034   2.07291245
  2.12697407   0.98556506   2.07771553
  2.13647431   0.99038819   2.08648939
  2.14271080   0.99472743   2.09072084
  2.14408569   1.00154976   2.08529851
  2.14008694   0.99965175   2.08147984
  2.14072859   0.99211067   2.09083075
  2.14454197   0.99675705   2.09145306
  2.14875970   1.00137634   2.09252950
  2.15604205   1.00162101   2.10301582
  2.16378698   0.99875481   2.11795046
  2.17873902   1.00825466   2.12967553
  2.18920633   1.01527125   2.13740988
  2.20094667   1.02018875   2.14940085
  2.20904897   1.02127565   2.16035012
  2.21880705   1.02449735   2.17127168
  2.23353634   1.02468268   2.19323153
  2.10326472   1.03960941   2.20788821
  1.20571223   1.17682479   1.49828625
  1.45538737   1.51011602   1.49828625
  1.51888530   1.59477993   1.49828625
  1.53490511   1.61613968   1.49828625
  1.53897644   1.62156813   1.49828625
  1.54002136   1.62296135   1.49828625
  1.54030028   1.62333324   1.49828625
  1.54031243   1.62334944   1.49828625
  1.54036656   1.62342162   1.49828625
  1.54036980   1.62342594   1.49828625
  1.54033375   1.62337786   1.49828625
  1.54036692   1.62342209   1.49828625
  1.54035134   1.62340132   1.49828625
  1.54034013   1.62338638   1.49828625
  1.54138109   1.62477432   1.49828625
  1.54164281   1.62512328   1.49828625
  1.54170443   1.62520545   1.49828625
  1.54172895   1.62523814   1.49828625
  1.51848103   1.62526316   1.49828625
  1.52901678   1.64633466   1.49828625
  1.53435137   1.65700383   1.49828625
  1.52436886   1.66779352   1.49828625
  1.53578974   1.69063529   1.49828625
  1.86033044   1.70400079   1.49828625
  1.58788320   1.39097739   1.49828625
  1.57902867   1.35555926   1.49828625
  1.57265338   1.33005813   1.49828625
  1.88449000   1.31220352   1.49828625
  1.77931669   0.96720989   1.49828625
  1.67917772   0.71845878   1.49828625
  1.60603928   0.56129152   1.49828625
  1.76761424   0.47437852   1.49828625
  1.57291884   0.21424230   1.49828625
  1.52162848   0.14585515   1.49828625
  1.62611374   0.12799012   1.49828625
