  0.23778309   0.00248601   0.99296600
  0.32130513   0.03927737   0.90454609
  0.33315118   0.08644731   0.80966492
  0.33711273   0.11178603   0.76711831
  0.33755175   0.12547043   0.74662180
  0.31472768   0.06552184   0.83453622
  0.31152296   0.04867394   0.87064929
  0.31070567   0.04515656   0.87848744
  0.31052826   0.04434302   0.88048127
  0.31024467   0.04426931   0.88091321
  0.30167650   0.05415633   0.85434087
  0.30171233   0.05312557   0.85661394
  0.30189732   0.05372469   0.85515170
  0.30181682   0.05521267   0.85197995
  0.30145529   0.05493827   0.85287470
  0.27675279   0.14873927   0.65512018
  0.27375112   0.17042454   0.62123757
  0.27301267   0.17527086   0.61372960
  0.25685750   0.19402187   0.57531241
  0.25728051   0.19290541   0.57682335
  0.25696182   0.19394075   0.57527392
  0.25711862   0.19328029   0.57637613
  0.25630519   0.19619183   0.57178947
  0.25641129   0.19521333   0.57370179
  0.25629778   0.19584861   0.57255568
  0.25605835   0.19648723   0.57168207
  0.25602846   0.19661063   0.57144557
  0.25602869   0.19631056   0.57208376
  0.25584808   0.19643636   0.57212469
  0.25622548   0.19664355   0.57097401
  0.25594947   0.19695753   0.57084404
  0.25558934   0.19788625   0.56957273
  0.25520281   0.19927074   0.56744955
  0.25547178   0.19895493   0.56755957
  0.25588731   0.19720445   0.57048579
  0.25590880   0.19749546   0.56978936
  0.25546406   0.19848705   0.56858017
  0.25540240   0.19808110   0.56955322
  0.25619313   0.19604490   0.57234200
  0.25560180   0.19712290   0.57128991
  0.25581358   0.19735771   0.57029574
  0.25552234   0.19762052   0.57034422
  0.25603011   0.19663505   0.57142091
  0.25571541   0.19679607   0.57174471
  0.27236423   0.17872175   0.60865124
  0.23464981   0.28628146   0.45302491
  0.28344106   0.38552745   0.42389541
  0.27987088   0.42716527   0.39597047
  0.27865667   0.43801564   0.38892959
  0.27831976   0.44078365   0.38715325
  0.27823776   0.44148350   0.38670181
  0.27820810   0.44167172   0.38658594
  0.27821827   0.44170388   0.38655502
  0.27819786   0.44172613   0.38655367
  0.27820297   0.44172924   0.38654767
  0.27820888   0.44172382   0.38654731
  0.27819320   0.44173403   0.38655131
  0.27820970   0.44172257   0.38654763
  0.27820877   0.44172113   0.38654935
  0.29908640   0.42084180   0.41549752
  0.29910327   0.42098290   0.41543981
  0.29911013   0.42101576   0.41542530
  0.29911116   0.42102408   0.41542188
  0.29910952   0.42102944   0.41542052
  0.26085576   0.46987860   0.35736956
  0.26064376   0.47488718   0.35474101
  0.34249354   0.39546605   0.46452121
  0.36890181   0.37851468   0.49396869
  0.39405768   0.35855836   0.52381233
  0.43529879   0.17564951   0.71317981
  0.51481799   0.07765733   0.86960585
  0.56930732   0.01107447   0.98213128
  0.56120305   0.01047139   0.98313093
  0.41371107   0.00786589   0.98373341
  0.31026830   0.00212642   0.99493102
  0.24431712   0.00041943   0.99896219
  0.20637493   0.00010609   0.99973572
  0.09333509   0.00001761   0.99993234
  0.06355967   0.00000000   1.00000000
  0.05577607   0.00000000   1.00000000
  0.00000000   0.00007404   0.00000000
