  1.00000000   0.25000000
  1.00000000   0.52541875
  1.00000000   1.10425943
  0.33333333   2.32079442
  0.33333333   4.87755556
  0.44444444  10.25103648
  1.00000000  21.54434690
  1.00000000  45.27921484
  1.00000000  95.16219296
  0.22222222 200.00000000
  0.24975000   0.25000000
  0.52516875   0.52541875
  0.81458909   1.10425943
  1.72699033   2.32079442
  4.28375147   4.87755556
  4.28375147  10.25103648
  4.28375147  21.54434690
  4.28375147  45.27921484
  4.28375147  95.16219296
  9.52564182 200.00000000
  1.01188379   0.25000000
  1.25272013   0.52541875
  1.47027468   1.10425943
  1.62951140   2.32079442
  1.66763709   4.87755556
  1.76697302  10.25103648
  1.84037595  21.54434690
  1.92505308  45.27921484
  2.09295755  95.16219296
  2.56155444 200.00000000
