  1.00000000   0.25000000
  1.00000000   0.52541875
  0.77777778   1.10425943
  0.11111111   2.32079442
  0.11111111   4.87755556
  0.22222222  10.25103648
  0.22222222  21.54434690
  0.55555556  45.27921484
  1.00000000  95.16219296
  0.22222222 200.00000000
  0.24975000   0.25000000
  0.45631406   0.52541875
  0.74573440   1.10425943
  1.65813564   2.32079442
  4.21489678   4.87755556
  4.21489678  10.25103648
 15.50820720  21.54434690
 15.50820720  45.27921484
 15.50820720  95.16219296
 15.50820720 200.00000000
  0.97394839   0.25000000
  1.19163439   0.52541875
  1.40785112   1.10425943
  1.54992921   2.32079442
  1.58612772   4.87755556
  1.65938979  10.25103648
  1.67122210  21.54434690
  1.70835052  45.27921484
  1.78024193  95.16219296
  2.62915407 200.00000000
