  1.00000000   0.25000000
  1.00000000   0.52541875
  1.00000000   1.10425943
  0.11111111   2.32079442
  0.11111111   4.87755556
  0.66666667  10.25103648
  1.00000000  21.54434690
  0.77777778  45.27921484
  1.00000000  95.16219296
  0.33333333 200.00000000
  0.24975000   0.25000000
  0.52516875   0.52541875
  0.81458909   1.10425943
  1.42285658   2.32079442
  3.97961772   4.87755556
  3.97961772  10.25103648
  3.97961772  21.54434690
  3.97961772  45.27921484
  3.97961772  95.16219296
  9.22150808 200.00000000
  1.07866102   0.25000000
  1.37030708   0.52541875
  1.59595811   1.10425943
  1.78044516   2.32079442
  1.84890725   4.87755556
  1.99636467  10.25103648
  2.20681325  21.54434690
  2.46769479  45.27921484
  2.73084457  95.16219296
  3.18126913 200.00000000
