  1.00000000   0.25000000
  1.00000000   0.52541875
  1.00000000   1.10425943
  0.22222222   2.32079442
  1.00000000   4.87755556
  1.00000000  10.25103648
  0.88888889  21.54434690
  0.66666667  45.27921484
  0.77777778  95.16219296
  0.11111111 200.00000000
  0.24975000   0.25000000
  0.52516875   0.52541875
  0.81458909   1.10425943
  1.42285658   2.32079442
  2.06204687   4.87755556
  3.40541710  10.25103648
  3.40541710  21.54434690
  3.40541710  45.27921484
 15.87616163  95.16219296
 15.87616163 200.00000000
  1.11111785   0.25000000
  1.43032688   0.52541875
  1.66199981   1.10425943
  1.86560433   2.32079442
  1.94810546   4.87755556
  2.13051689  10.25103648
  2.41717157  21.54434690
  2.77884340  45.27921484
  3.12274539  95.16219296
  3.62471717 200.00000000
