  1.00000000   0.25000000
  1.00000000   0.52541875
  1.00000000   1.10425943
  0.44444444   2.32079442
  0.00000000   4.87755556
  0.66666667  10.25103648
  1.00000000  21.54434690
  1.00000000  45.27921484
  1.00000000  95.16219296
  0.22222222 200.00000000
  0.24975000   0.25000000
  0.52516875   0.52541875
  0.81458909   1.10425943
  1.72699033   2.32079442
  3.64456118   4.87755556
  3.64456118  10.25103648
  3.64456118  21.54434690
  3.64456118  45.27921484
  3.64456118  95.16219296
  8.88645154 200.00000000
  1.04982556   0.25000000
  1.31859762   0.52541875
  1.54037170   1.10425943
  1.71252988   2.32079442
  1.75993138   4.87755556
  1.88752320  10.25103648
  2.04191557  21.54434690
  2.21644669  45.27921484
  2.43981676  95.16219296
  2.86228913 200.00000000
