  1.00000000   0.25000000
  1.00000000   0.52541875
  1.00000000   1.10425943
  0.44444444   2.32079442
  0.00000000   4.87755556
  0.55555556  10.25103648
  1.00000000  21.54434690
  1.00000000  45.27921484
  1.00000000  95.16219296
  0.22222222 200.00000000
  0.24975000   0.25000000
  0.52516875   0.52541875
  0.81458909   1.10425943
  1.72699033   2.32079442
  3.64456118   4.87755556
  3.64456118  10.25103648
  3.64456118  21.54434690
  3.64456118  45.27921484
  3.64456118  95.16219296
  8.88645154 200.00000000
  1.04113924   0.25000000
  1.30330437   0.52541875
  1.52400923   1.10425943
  1.69310283   2.32079442
  1.73575345   4.87755556
  1.85692014  10.25103648
  1.99323515  21.54434690
  2.14911618  45.27921484
  2.36168806  95.16219296
  2.78109849 200.00000000
