  1.00000000   0.25000000
  1.00000000   0.52541875
  0.44444444   1.10425943
  0.22222222   2.32079442
  0.00000000   4.87755556
  0.66666667  10.25103648
  0.77777778  21.54434690
  0.22222222  45.27921484
  0.55555556  95.16219296
  0.11111111 200.00000000
  0.25000000   0.25000000
  0.31885469   0.52541875
  0.46356486   1.10425943
  1.37596610   2.32079442
  3.29353695   4.87755556
  3.29353695  10.25103648
  3.29353695  21.54434690
  3.29353695  45.27921484
 15.76428148  95.16219296
 15.76428148 200.00000000
  0.78263224   0.25000000
  0.94004935   0.52541875
  1.31183057   1.10425943
  1.62905120   2.32079442
  1.69434083   4.87755556
  1.89804512  10.25103648
  2.37945636  21.54434690
  4.17695929  45.27921484
  6.23350499  95.16219296
 13.65604449 200.00000000
