  1.00000000   0.25000000
  1.00000000   0.52541875
  0.44444444   1.10425943
  0.22222222   2.32079442
  0.00000000   4.87755556
  0.66666667  10.25103648
  0.88888889  21.54434690
  0.22222222  45.27921484
  0.55555556  95.16219296
  0.22222222 200.00000000
  0.25000000   0.25000000
  0.31885469   0.52541875
  0.46356486   1.10425943
  1.37596610   2.32079442
  3.29353695   4.87755556
  3.29353695  10.25103648
  3.29353695  21.54434690
  3.29353695  45.27921484
 15.76428148  95.16219296
 15.76428148 200.00000000
  0.77946329   0.25000000
  0.93640140   0.52541875
  1.30733097   1.10425943
  1.62193147   2.32079442
  1.68491649   4.87755556
  1.88475945  10.25103648
  2.31925128  21.54434690
  4.03489062  45.27921484
  6.00204786  95.16219296
 12.87241061 200.00000000
