  1.00000000   0.25000000
  1.00000000   0.52541875
  0.77777778   1.10425943
  0.11111111   2.32079442
  0.11111111   4.87755556
  0.22222222  10.25103648
  1.00000000  21.54434690
  0.33333333  45.27921484
  0.33333333  95.16219296
  0.11111111 200.00000000
  0.24975000   0.25000000
  0.45631406   0.52541875
  0.74573440   1.10425943
  1.65813564   2.32079442
  4.21489678   4.87755556
  4.21489678  10.25103648
  4.21489678  21.54434690
  4.21489678  45.27921484
  4.21489678  95.16219296
 12.07773231 200.00000000
  0.97112703   0.25000000
  1.18744503   0.52541875
  1.40244782   1.10425943
  1.54241602   2.32079442
  1.57816984   4.87755556
  1.65329613  10.25103648
  1.77364081  21.54434690
  2.74369492  45.27921484
  4.51617575  95.16219296
  7.27693031 200.00000000
