  1.00000000   0.25000000
  1.00000000   0.52541875
  0.44444444   1.10425943
  0.22222222   2.32079442
  0.00000000   4.87755556
  0.55555556  10.25103648
  1.00000000  21.54434690
  0.22222222  45.27921484
  0.66666667  95.16219296
  0.11111111 200.00000000
  0.25000000   0.25000000
  0.31885469   0.52541875
  0.46356486   1.10425943
  1.37596610   2.32079442
  3.29353695   4.87755556
  3.29353695  10.25103648
  3.29353695  21.54434690
  3.29353695  45.27921484
  3.29353695  95.16219296
 11.15637248 200.00000000
  0.77148622   0.25000000
  0.92721727   0.52541875
  1.29599209   1.10425943
  1.60408182   2.32079442
  1.66145762   4.87755556
  1.85096796  10.25103648
  2.19653642  21.54434690
  3.67048372  45.27921484
  5.40767487  95.16219296
 11.12882828 200.00000000
