  1.00000000   0.25000000
  1.00000000   0.52541875
  1.00000000   1.10425943
  0.55555556   2.32079442
  0.33333333   4.87755556
  0.22222222  10.25103648
  0.22222222  21.54434690
  0.22222222  45.27921484
  0.22222222  95.16219296
  0.22222222 200.00000000
  0.25000000   0.25000000
  0.52541875   0.52541875
  0.95954926   1.10425943
  1.26368301   2.32079442
  2.54206358   4.87755556
  3.88543381  10.25103648
  9.53208902  21.54434690
 15.46580600  45.27921484
 40.40729506  95.16219296
 73.67490762 200.00000000
  1.52097647   0.25000000
  2.42754014   0.52541875
  3.31115104   1.10425943
  4.83626562   2.32079442
  8.20173573   4.87755556
 15.41204060  10.25103648
 30.01816983  21.54434690
 61.93738618  45.27921484
126.40611266  95.16219296
268.50208513 200.00000000
