  1.00000000   0.25000000
  1.00000000   0.52541875
  0.44444444   1.10425943
  0.22222222   2.32079442
  0.00000000   4.87755556
  0.77777778  10.25103648
  0.55555556  21.54434690
  0.22222222  45.27921484
  0.44444444  95.16219296
  0.11111111 200.00000000
  0.25000000   0.25000000
  0.31885469   0.52541875
  0.46356486   1.10425943
  1.37596610   2.32079442
  3.29353695   4.87755556
  3.29353695  10.25103648
  3.29353695  21.54434690
  3.29353695  45.27921484
 15.76428148  95.16219296
 15.76428148 200.00000000
  0.79007054   0.25000000
  0.94862145   0.52541875
  1.32241949   1.10425943
  1.64588560   2.32079442
  1.71672717   4.87755556
  1.92980794  10.25103648
  2.54413244  21.54434690
  4.49415302  45.27921484
  6.78121075  95.16219296
 15.51175050 200.00000000
