  1.00000000   0.25000000
  1.00000000   0.52541875
  1.00000000   1.10425943
  0.44444444   2.32079442
  0.44444444   4.87755556
  0.55555556  10.25103648
  1.00000000  21.54434690
  1.00000000  45.27921484
  1.00000000  95.16219296
  0.22222222 200.00000000
  0.24975000   0.25000000
  0.52516875   0.52541875
  0.81458909   1.10425943
  1.72699033   2.32079442
  4.28375147   4.87755556
  4.28375147  10.25103648
  4.28375147  21.54434690
  4.28375147  45.27921484
  4.28375147  95.16219296
  9.52564182 200.00000000
  1.03296934   0.25000000
  1.28903651   0.52541875
  1.50878336   1.10425943
  1.67504807   2.32079442
  1.71594408   4.87755556
  1.82596239  10.25103648
  1.95023039  21.54434690
  2.08757689  45.27921484
  2.29031086  95.16219296
  2.70997675 200.00000000
