  1.00000000   0.25000000
  1.00000000   0.52541875
  0.77777778   1.10425943
  0.11111111   2.32079442
  0.11111111   4.87755556
  0.11111111  10.25103648
  0.11111111  21.54434690
  1.00000000  45.27921484
  0.22222222  95.16219296
  0.22222222 200.00000000
  0.24975000   0.25000000
  0.45631406   0.52541875
  0.74573440   1.10425943
  1.65813564   2.32079442
  4.21489678   4.87755556
  4.21489678  10.25103648
 15.50820720  21.54434690
 15.50820720  45.27921484
 15.50820720  95.16219296
 15.50820720 200.00000000
  0.95014631   0.25000000
  1.15594461   0.52541875
  1.36475230   1.10425943
  1.49585189   2.32079442
  1.52892484   4.87755556
  1.59357101  10.25103648
  1.60425908  21.54434690
  1.71216524  45.27921484
  3.32165313  95.16219296
  5.66589252 200.00000000
