  1.00000000   0.25000000
  1.00000000   0.52541875
  0.44444444   1.10425943
  0.22222222   2.32079442
  0.22222222   4.87755556
  0.55555556  10.25103648
  1.00000000  21.54434690
  0.22222222  45.27921484
  0.55555556  95.16219296
  0.11111111 200.00000000
  0.25000000   0.25000000
  0.31885469   0.52541875
  0.46356486   1.10425943
  1.37596610   2.32079442
  3.93272724   4.87755556
  3.93272724  10.25103648
  3.93272724  21.54434690
  3.93272724  45.27921484
  3.93272724  95.16219296
  9.17461759 200.00000000
  0.76515575   0.25000000
  0.91993581   0.52541875
  1.28700167   1.10425943
  1.58998757   2.32079442
  1.64443844   4.87755556
  1.80384016  10.25103648
  2.09033592  21.54434690
  3.36925302  45.27921484
  5.08244376  95.16219296
 10.10545107 200.00000000
