  1.00000000   0.25000000
  1.00000000   0.52541875
  0.77777778   1.10425943
  0.11111111   2.32079442
  0.11111111   4.87755556
  0.11111111  10.25103648
  0.11111111  21.54434690
  0.00000000  45.27921484
  1.00000000  95.16219296
  0.11111111 200.00000000
  0.24975000   0.25000000
  0.45631406   0.52541875
  0.74573440   1.10425943
  1.65813564   2.32079442
  4.21489678   4.87755556
  4.21489678  10.25103648
 15.50820720  21.54434690
 15.50820720  45.27921484
 15.50820720  95.16219296
 15.50820720 200.00000000
  0.95077020   0.25000000
  1.15689303   0.52541875
  1.36611859   1.10425943
  1.49778373   2.32079442
  1.53096534   4.87755556
  1.59361996  10.25103648
  1.60430885  21.54434690
  1.62323881  45.27921484
  1.85592207  95.16219296
  4.14239443 200.00000000
