  1.00000000   0.25000000
  1.00000000   0.52541875
  0.44444444   1.10425943
  0.33333333   2.32079442
  0.00000000   4.87755556
  0.66666667  10.25103648
  0.33333333  21.54434690
  0.33333333  45.27921484
  0.22222222  95.16219296
  0.22222222 200.00000000
  0.25000000   0.25000000
  0.31885469   0.52541875
  0.46356486   1.10425943
  1.37596610   2.32079442
  3.29353695   4.87755556
  3.29353695  10.25103648
  3.29353695  21.54434690
  3.29353695  45.27921484
 15.76428148  95.16219296
 15.76428148 200.00000000
  0.82409454   0.25000000
  0.98953875   0.52541875
  1.37457190   1.10425943
  1.72629253   2.32079442
  1.81025933   4.87755556
  2.22886530  10.25103648
  3.54758693  21.54434690
  5.76737140  45.27921484
 10.76533320  95.16219296
 23.66718919 200.00000000
