  1.00000000   0.25000000
  1.00000000   0.52541875
  0.77777778   1.10425943
  0.22222222   2.32079442
  0.22222222   4.87755556
  0.44444444  10.25103648
  1.00000000  21.54434690
  0.33333333  45.27921484
  0.44444444  95.16219296
  0.11111111 200.00000000
  0.24975000   0.25000000
  0.45631406   0.52541875
  0.74573440   1.10425943
  1.65813564   2.32079442
  4.21489678   4.87755556
  4.21489678  10.25103648
  4.21489678  21.54434690
  4.21489678  45.27921484
  4.21489678  95.16219296
 12.07773231 200.00000000
  0.95419435   0.25000000
  1.16958952   0.52541875
  1.40927366   1.10425943
  1.56460509   2.32079442
  1.60168206   4.87755556
  1.71147407  10.25103648
  1.94616547  21.54434690
  3.03403798  45.27921484
  4.79404118  95.16219296
  8.60200947 200.00000000
