  1.00000000   0.25000000
  1.00000000   0.52541875
  0.44444444   1.10425943
  0.22222222   2.32079442
  0.00000000   4.87755556
  0.88888889  10.25103648
  0.44444444  21.54434690
  0.22222222  45.27921484
  0.44444444  95.16219296
  0.11111111 200.00000000
  0.25000000   0.25000000
  0.31885469   0.52541875
  0.46356486   1.10425943
  1.37596610   2.32079442
  3.29353695   4.87755556
  3.29353695  10.25103648
  3.29353695  21.54434690
  3.29353695  45.27921484
 15.76428148  95.16219296
 15.76428148 200.00000000
  0.79446663   0.25000000
  0.95369517   0.52541875
  1.32870247   1.10425943
  1.65592971   2.32079442
  1.73014486   4.87755556
  1.94959658  10.25103648
  2.65411580  21.54434690
  4.66981311  45.27921484
  7.12556805  95.16219296
 16.60387923 200.00000000
