  1.00000000   0.25000000
  1.00000000   0.52541875
  0.77777778   1.10425943
  0.11111111   2.32079442
  0.11111111   4.87755556
  0.22222222  10.25103648
  0.22222222  21.54434690
  0.44444444  45.27921484
  1.00000000  95.16219296
  0.22222222 200.00000000
  0.24975000   0.25000000
  0.45631406   0.52541875
  0.74573440   1.10425943
  1.65813564   2.32079442
  4.21489678   4.87755556
  4.21489678  10.25103648
 15.50820720  21.54434690
 15.50820720  45.27921484
 15.50820720  95.16219296
 15.50820720 200.00000000
  0.96954191   0.25000000
  1.18498536   0.52541875
  1.39986585   1.10425943
  1.53995354   2.32079442
  1.57556235   4.87755556
  1.64660521  10.25103648
  1.65820974  21.54434690
  1.69348864  45.27921484
  1.76590121  95.16219296
  2.72365715 200.00000000
