  1.00000000   0.25000000
  1.00000000   0.52541875
  1.00000000   1.10425943
  0.88888889   2.32079442
  0.44444444   4.87755556
  0.33333333  10.25103648
  0.22222222  21.54434690
  0.22222222  45.27921484
  0.22222222  95.16219296
  0.22222222 200.00000000
  0.25000000   0.25000000
  0.52541875   0.52541875
  0.81483909   1.10425943
  1.11897283   2.32079442
  1.75816312   4.87755556
  3.10153335  10.25103648
  5.92486096  21.54434690
 11.85857794  45.27921484
 24.32932247  95.16219296
 37.62805303 200.00000000
  1.28953971   0.25000000
  1.79975997   0.52541875
  2.18090723   1.10425943
  2.76379188   2.32079442
  3.97529378   4.87755556
  6.59221666  10.25103648
 12.02559039  21.54434690
 23.38631308  45.27921484
 47.28543351  95.16219296
 99.27582477 200.00000000
