  1.00000000   0.25000000
  1.00000000   0.52541875
  0.55555556   1.10425943
  0.44444444   2.32079442
  0.66666667   4.87755556
  0.44444444  10.25103648
  0.33333333  21.54434690
  0.33333333  45.27921484
  0.22222222  95.16219296
  0.22222222 200.00000000
  0.25000000   0.25000000
  0.52541875   0.52541875
  0.52541875   1.10425943
  1.13368624   2.32079442
  1.13368624   4.87755556
  2.47705647  10.25103648
  2.47705647  21.54434690
  8.41077346  45.27921484
  8.41077346  95.16219296
 18.89455416 200.00000000
  0.95989068   0.25000000
  1.16563665   0.52541875
  1.45360874   1.10425943
  1.81167291   2.32079442
  2.16782330   4.87755556
  3.02498819  10.25103648
  4.89039535  21.54434690
  8.48684047  45.27921484
 16.52148437  95.16219296
 34.64991877 200.00000000
