  1.00000000   0.25000000
  1.00000000   0.52541875
  1.00000000   1.10425943
  0.44444444   2.32079442
  0.33333333   4.87755556
  0.22222222  10.25103648
  0.22222222  21.54434690
  0.22222222  45.27921484
  0.22222222  95.16219296
  0.22222222 200.00000000
  0.25000000   0.25000000
  0.52541875   0.52541875
  0.95954926   1.10425943
  1.56781675   2.32079442
  2.84619732   4.87755556
  5.53293779  10.25103648
 11.17959299  21.54434690
 23.04702697  45.27921484
 47.98851602  95.16219296
100.71937362 200.00000000
  1.64809088   0.25000000
  2.88640927   0.52541875
  4.42410905   1.10425943
  7.36999079   2.32079442
 13.73458708   4.87755556
 26.97763458  10.25103648
 54.86661354  21.54434690
113.43846278  45.27921484
236.55764664  95.16219296
495.43763641 200.00000000
