  1.00000000   0.25000000
  1.00000000   0.52541875
  0.77777778   1.10425943
  0.22222222   2.32079442
  0.22222222   4.87755556
  0.22222222  10.25103648
  0.00000000  21.54434690
  0.77777778  45.27921484
  1.00000000  95.16219296
  0.22222222 200.00000000
  0.24975000   0.25000000
  0.45631406   0.52541875
  0.74573440   1.10425943
  1.65813564   2.32079442
  4.21489678   4.87755556
  4.21489678  10.25103648
 12.68487960  21.54434690
 12.68487960  45.27921484
 12.68487960  95.16219296
 12.68487960 200.00000000
  0.98401919   0.25000000
  1.20691326   0.52541875
  1.42623323   1.10425943
  1.57293401   2.32079442
  1.61051532   4.87755556
  1.68901156  10.25103648
  1.70546727  21.54434690
  1.74985146  45.27921484
  1.83622400  95.16219296
  2.52716632 200.00000000
