  1.00000000   0.25000000
  1.00000000   0.52541875
  0.77777778   1.10425943
  0.55555556   2.32079442
  0.66666667   4.87755556
  0.44444444  10.25103648
  0.33333333  21.54434690
  0.33333333  45.27921484
  0.22222222  95.16219296
  0.22222222 200.00000000
  0.25000000   0.25000000
  0.52541875   0.52541875
  0.67012892   1.10425943
  1.27839641   2.32079442
  1.27839641   4.87755556
  2.62176664  10.25103648
  2.62176664  21.54434690
  8.55548363  45.27921484
  8.55548363  95.16219296
 19.03926433 200.00000000
  1.00100495   0.25000000
  1.23368983   0.52541875
  1.50598242   1.10425943
  1.86377805   2.32079442
  2.29489484   4.87755556
  3.23226084  10.25103648
  5.30937352  21.54434690
  9.36892734  45.27921484
 18.14557287  95.16219296
 38.26877001 200.00000000
