  1.00000000   0.25000000
  1.00000000   0.52541875
  0.44444444   1.10425943
  0.22222222   2.32079442
  0.00000000   4.87755556
  0.66666667  10.25103648
  1.00000000  21.54434690
  0.22222222  45.27921484
  0.55555556  95.16219296
  0.22222222 200.00000000
  0.25000000   0.25000000
  0.31885469   0.52541875
  0.46356486   1.10425943
  1.37596610   2.32079442
  3.29353695   4.87755556
  3.29353695  10.25103648
  3.29353695  21.54434690
  3.29353695  45.27921484
 15.76428148  95.16219296
 15.76428148 200.00000000
  0.77394137   0.25000000
  0.93004526   0.52541875
  1.29948699   1.10425943
  1.60956956   2.32079442
  1.66864153   4.87755556
  1.86144051  10.25103648
  2.23026923  21.54434690
  3.78216745  45.27921484
  5.58666341  95.16219296
 11.53737466 200.00000000
