  1.00000000   0.25000000
  1.00000000   0.52541875
  1.00000000   1.10425943
  0.88888889   2.32079442
  0.66666667   4.87755556
  0.44444444  10.25103648
  0.33333333  21.54434690
  0.33333333  45.27921484
  0.22222222  95.16219296
  0.22222222 200.00000000
  0.25000000   0.25000000
  0.52541875   0.52541875
  0.67012892   1.10425943
  0.97426266   2.32079442
  1.61345295   4.87755556
  1.61345295  10.25103648
  4.43678055  21.54434690
  4.43678055  45.27921484
 16.90752508  95.16219296
 26.10728301 200.00000000
  1.08822517   0.25000000
  1.38702175   0.52541875
  1.64599669   1.10425943
  2.03717493   2.32079442
  2.61494799   4.87755556
  3.80058086  10.25103648
  6.51208097  21.54434690
 11.67442189  45.27921484
 23.02667588  95.16219296
 48.14516579 200.00000000
