  1.00000000   0.25000000
  1.00000000   0.52541875
  0.55555556   1.10425943
  0.22222222   2.32079442
  0.22222222   4.87755556
  0.44444444  10.25103648
  1.00000000  21.54434690
  0.33333333  45.27921484
  0.44444444  95.16219296
  0.11111111 200.00000000
  0.24975000   0.25000000
  0.38745937   0.52541875
  0.67687972   1.10425943
  1.58928095   2.32079442
  4.14604210   4.87755556
  4.14604210  10.25103648
  4.14604210  21.54434690
  4.14604210  45.27921484
  4.14604210  95.16219296
 12.00887763 200.00000000
  0.88639058   0.25000000
  1.09979651   0.52541875
  1.38351245   1.10425943
  1.56527603   2.32079442
  1.60542045   4.87755556
  1.75009375  10.25103648
  1.99125730  21.54434690
  3.11247863  45.27921484
  4.85874084  95.16219296
  9.05331278 200.00000000
