  1.00000000   0.25000000
  1.00000000   0.52541875
  0.77777778   1.10425943
  0.11111111   2.32079442
  0.11111111   4.87755556
  0.11111111  10.25103648
  0.11111111  21.54434690
  0.00000000  45.27921484
  0.33333333  95.16219296
  0.22222222 200.00000000
  0.24975000   0.25000000
  0.45631406   0.52541875
  0.74573440   1.10425943
  1.65813564   2.32079442
  4.21489678   4.87755556
  4.21489678  10.25103648
 15.50820720  21.54434690
 21.44192419  45.27921484
 21.44192419  95.16219296
 21.44192419 200.00000000
  0.94926455   0.25000000
  1.15464978   0.52541875
  1.36335981   1.10425943
  1.49427339   2.32079442
  1.52725770   4.87755556
  1.58965345  10.25103648
  1.60027562  21.54434690
  1.60964678  45.27921484
  2.17665810  95.16219296
  4.92014582 200.00000000
