  1.00000000   0.25000000
  1.00000000   0.52541875
  0.77777778   1.10425943
  0.22222222   2.32079442
  0.22222222   4.87755556
  0.22222222  10.25103648
  0.00000000  21.54434690
  0.55555556  45.27921484
  1.00000000  95.16219296
  0.22222222 200.00000000
  0.24975000   0.25000000
  0.45631406   0.52541875
  0.74573440   1.10425943
  1.65813564   2.32079442
  4.21489678   4.87755556
  4.21489678  10.25103648
 12.68487960  21.54434690
 12.68487960  45.27921484
 12.68487960  95.16219296
 12.68487960 200.00000000
  0.97877612   0.25000000
  1.19894424   0.52541875
  1.41663939   1.10425943
  1.56091815   2.32079442
  1.59777320   4.87755556
  1.67353291  10.25103648
  1.68745362  21.54434690
  1.72817315  45.27921484
  1.80694886  95.16219296
  2.57080984 200.00000000
