  1.00000000   0.25000000
  1.00000000   0.52541875
  0.77777778   1.10425943
  0.11111111   2.32079442
  0.11111111   4.87755556
  0.11111111  10.25103648
  0.11111111  21.54434690
  0.22222222  45.27921484
  1.00000000  95.16219296
  0.22222222 200.00000000
  0.24975000   0.25000000
  0.45631406   0.52541875
  0.74573440   1.10425943
  1.65813564   2.32079442
  4.21489678   4.87755556
  4.21489678  10.25103648
 15.50820720  21.54434690
 15.50820720  45.27921484
 15.50820720  95.16219296
 15.50820720 200.00000000
  0.95621840   0.25000000
  1.16501020   0.52541875
  1.37589744   1.10425943
  1.51003260   2.32079442
  1.54390835   4.87755556
  1.60871806  10.25103648
  1.61966322  21.54434690
  1.64814505  45.27921484
  1.75954691  95.16219296
  3.34481038 200.00000000
