  1.00000000   0.25000000
  1.00000000   0.52541875
  0.88888889   1.10425943
  0.77777778   2.32079442
  0.77777778   4.87755556
  0.44444444  10.25103648
  0.33333333  21.54434690
  0.33333333  45.27921484
  0.22222222  95.16219296
  0.22222222 200.00000000
  0.25000000   0.25000000
  0.52541875   0.52541875
  0.67012892   1.10425943
  0.97426266   2.32079442
  1.61345295   4.87755556
  1.61345295  10.25103648
  4.43678055  21.54434690
  4.43678055  45.27921484
 16.90752508  95.16219296
 26.10728301 200.00000000
  1.04374733   0.25000000
  1.30722196   0.52541875
  1.56957469   1.10425943
  1.93892850   2.32079442
  2.43605743   4.87755556
  3.49301671  10.25103648
  5.80894941  21.54434690
 10.43210051  45.27921484
 20.14891903  95.16219296
 42.83178004 200.00000000
