  1.00000000   0.25000000
  1.00000000   0.52541875
  0.44444444   1.10425943
  0.33333333   2.32079442
  0.00000000   4.87755556
  1.00000000  10.25103648
  0.33333333  21.54434690
  0.33333333  45.27921484
  0.33333333  95.16219296
  0.22222222 200.00000000
  0.25000000   0.25000000
  0.31885469   0.52541875
  0.46356486   1.10425943
  1.37596610   2.32079442
  3.29353695   4.87755556
  3.29353695  10.25103648
  3.29353695  21.54434690
  3.29353695  45.27921484
 15.76428148  95.16219296
 15.76428148 200.00000000
  0.80500809   0.25000000
  0.96586653   0.52541875
  1.34379789   1.10425943
  1.68022540   2.32079442
  1.76265285   4.87755556
  2.00366778  10.25103648
  2.94446402  21.54434690
  5.05749995  45.27921484
  8.07695418  95.16219296
 19.14430113 200.00000000
