  1.00000000   0.25000000
  1.00000000   0.52541875
  0.55555556   1.10425943
  0.33333333   2.32079442
  0.88888889   4.87755556
  0.55555556  10.25103648
  0.33333333  21.54434690
  0.33333333  45.27921484
  0.22222222  95.16219296
  0.22222222 200.00000000
  0.25000000   0.25000000
  0.52541875   0.52541875
  0.52541875   1.10425943
  1.13368624   2.32079442
  1.13368624   4.87755556
  2.47705647  10.25103648
  2.47705647  21.54434690
  8.41077346  45.27921484
  8.41077346  95.16219296
 18.89455416 200.00000000
  0.92036516   0.25000000
  1.10249787   0.52541875
  1.41999281   1.10425943
  1.77096742   2.32079442
  2.06294715   4.87755556
  2.83737331  10.25103648
  4.55081802  21.54434690
  7.72053598  45.27921484
 15.17941483  95.16219296
 31.69057325 200.00000000
