  1.00000000   0.25000000
  1.00000000   0.52541875
  0.77777778   1.10425943
  0.11111111   2.32079442
  0.11111111   4.87755556
  0.11111111  10.25103648
  1.00000000  21.54434690
  0.33333333  45.27921484
  0.33333333  95.16219296
  0.11111111 200.00000000
  0.24975000   0.25000000
  0.45631406   0.52541875
  0.74573440   1.10425943
  1.65813564   2.32079442
  4.21489678   4.87755556
  4.21489678  10.25103648
  4.21489678  21.54434690
  4.21489678  45.27921484
  4.21489678  95.16219296
 12.07773231 200.00000000
  0.95457162   0.25000000
  1.16251338   0.52541875
  1.37242456   1.10425943
  1.50520879   2.32079442
  1.53881012   4.87755556
  1.60660401  10.25103648
  1.63364705  21.54434690
  2.37378560  45.27921484
  4.11836869  95.16219296
  6.06563968 200.00000000
