  1.00000000   0.25000000
  1.00000000   0.52541875
  0.44444444   1.10425943
  0.33333333   2.32079442
  0.00000000   4.87755556
  1.00000000  10.25103648
  0.33333333  21.54434690
  0.33333333  45.27921484
  0.22222222  95.16219296
  0.22222222 200.00000000
  0.25000000   0.25000000
  0.31885469   0.52541875
  0.46356486   1.10425943
  1.37596610   2.32079442
  3.29353695   4.87755556
  3.29353695  10.25103648
  3.29353695  21.54434690
  3.29353695  45.27921484
 15.76428148  95.16219296
 15.76428148 200.00000000
  0.81804671   0.25000000
  0.98126097   0.52541875
  1.36290783   1.10425943
  1.71072151   2.32079442
  1.80095952   4.87755556
  2.10712198  10.25103648
  3.33865658  21.54434690
  5.50201940  45.27921484
  9.64841551  95.16219296
 22.09201212 200.00000000
