  1.00000000   0.25000000
  1.00000000   0.52541875
  1.00000000   1.10425943
  0.88888889   2.32079442
  0.66666667   4.87755556
  0.33333333  10.25103648
  0.33333333  21.54434690
  0.22222222  45.27921484
  0.22222222  95.16219296
  0.22222222 200.00000000
  0.25000000   0.25000000
  0.52541875   0.52541875
  0.67012892   1.10425943
  0.97426266   2.32079442
  1.61345295   4.87755556
  1.61345295  10.25103648
  4.43678055  21.54434690
 10.37049754  45.27921484
 10.37049754  95.16219296
 21.54936439 200.00000000
  1.13450588   0.25000000
  1.47394900   0.52541875
  1.73958296   1.10425943
  2.16043760   2.32079442
  2.82735038   4.87755556
  4.20493264  10.25103648
  7.38062720  21.54434690
 13.38854107  45.27921484
 26.46999940  95.16219296
 54.58555953 200.00000000
