  1.00000000   0.25000000
  1.00000000   0.52541875
  0.44444444   1.10425943
  0.33333333   2.32079442
  0.00000000   4.87755556
  1.00000000  10.25103648
  0.33333333  21.54434690
  0.33333333  45.27921484
  0.44444444  95.16219296
  0.11111111 200.00000000
  0.25000000   0.25000000
  0.31885469   0.52541875
  0.46356486   1.10425943
  1.37596610   2.32079442
  3.29353695   4.87755556
  3.29353695  10.25103648
  3.29353695  21.54434690
  3.29353695  45.27921484
 15.76428148  95.16219296
 15.76428148 200.00000000
  0.79941549   0.25000000
  0.95941070   0.52541875
  1.33579279   1.10425943
  1.66731736   2.32079442
  1.74538183   4.87755556
  1.97350473  10.25103648
  2.78649553  21.54434690
  4.85738287  45.27921484
  7.54618784  95.16219296
 17.81496058 200.00000000
