  1.00000000   0.25000000
  1.00000000   0.52541875
  0.55555556   1.10425943
  0.22222222   2.32079442
  1.00000000   4.87755556
  0.55555556  10.25103648
  0.33333333  21.54434690
  0.33333333  45.27921484
  0.22222222  95.16219296
  0.22222222 200.00000000
  0.25000000   0.25000000
  0.38770937   0.52541875
  0.53241954   1.10425943
  1.14068704   2.32079442
  1.14068704   4.87755556
  2.48405727  10.25103648
  2.48405727  21.54434690
  8.41777425  45.27921484
  8.41777425  95.16219296
 18.90155496 200.00000000
  0.88348188   0.25000000
  1.04919482   0.52541875
  1.40149589   1.10425943
  1.74628455   2.32079442
  1.97405207   4.87755556
  2.67258077  10.25103648
  4.26517576  21.54434690
  7.06784836  45.27921484
 14.02944112  95.16219296
 29.22037668 200.00000000
