  1.00000000   0.25000000
  1.00000000   0.52541875
  1.00000000   1.10425943
  0.11111111   2.32079442
  0.11111111   4.87755556
  0.77777778  10.25103648
  1.00000000  21.54434690
  0.77777778  45.27921484
  1.00000000  95.16219296
  0.22222222 200.00000000
  0.24975000   0.25000000
  0.52516875   0.52541875
  0.81458909   1.10425943
  1.42285658   2.32079442
  3.97961772   4.87755556
  3.97961772  10.25103648
  3.97961772  21.54434690
  3.97961772  45.27921484
  3.97961772  95.16219296
 11.84245325 200.00000000
  1.08908160   0.25000000
  1.38936168   0.52541875
  1.61673425   1.10425943
  1.80701241   2.32079442
  1.87813438   4.87755556
  2.03689770  10.25103648
  2.27140745  21.54434690
  2.56624240  45.27921484
  2.84928603  95.16219296
  3.31411538 200.00000000
