  1.00000000   0.25000000
  1.00000000   0.52541875
  1.00000000   1.10425943
  0.22222222   2.32079442
  0.22222222   4.87755556
  1.00000000  10.25103648
  1.00000000  21.54434690
  0.66666667  45.27921484
  1.00000000  95.16219296
  0.22222222 200.00000000
  0.24975000   0.25000000
  0.52516875   0.52541875
  0.81458909   1.10425943
  1.42285658   2.32079442
  3.97961772   4.87755556
  3.97961772  10.25103648
  3.97961772  21.54434690
  3.97961772  45.27921484
  3.97961772  95.16219296
 11.84245325 200.00000000
  1.09989930   0.25000000
  1.40935618   0.52541875
  1.63873951   1.10425943
  1.83542731   2.32079442
  1.90946511   4.87755556
  2.07748677  10.25103648
  2.34103578  21.54434690
  2.67245967  45.27921484
  2.97884908  95.16219296
  3.46327350 200.00000000
