  1.00000000   0.25000000
  1.00000000   0.52541875
  0.44444444   1.10425943
  0.11111111   2.32079442
  1.00000000   4.87755556
  0.55555556  10.25103648
  0.33333333  21.54434690
  0.33333333  45.27921484
  0.22222222  95.16219296
  0.22222222 200.00000000
  0.25000000   0.25000000
  0.38770937   0.52541875
  0.53241954   1.10425943
  1.14068704   2.32079442
  1.14068704   4.87755556
  2.48405727  10.25103648
  2.48405727  21.54434690
  8.41777425  45.27921484
  8.41777425  95.16219296
 18.90155496 200.00000000
  0.85255440   0.25000000
  1.01603132   0.52541875
  1.39286553   1.10425943
  1.73586092   2.32079442
  1.89848203   4.87755556
  2.52730295  10.25103648
  4.01916439  21.54434690
  6.51309684  45.27921484
 13.02260347  95.16219296
 27.11403290 200.00000000
