  1.00000000   0.25000000
  1.00000000   0.52541875
  1.00000000   1.10425943
  0.88888889   2.32079442
  0.55555556   4.87755556
  0.33333333  10.25103648
  0.33333333  21.54434690
  0.22222222  45.27921484
  0.22222222  95.16219296
  0.22222222 200.00000000
  0.25000000   0.25000000
  0.52541875   0.52541875
  0.81483909   1.10425943
  1.11897283   2.32079442
  1.75816312   4.87755556
  3.10153335  10.25103648
  5.92486096  21.54434690
 11.85857794  45.27921484
 11.85857794  95.16219296
 24.68114390 200.00000000
  1.23373397   0.25000000
  1.67565574   0.52541875
  2.00235351   1.10425943
  2.50591138   2.32079442
  3.45782528   4.87755556
  5.52241933  10.25103648
  9.80679599  21.54434690
 18.73063777  45.27921484
 37.47431941  95.16219296
 78.06447669 200.00000000
