  1.00000000   0.25000000
  1.00000000   0.52541875
  0.77777778   1.10425943
  0.22222222   2.32079442
  0.22222222   4.87755556
  0.22222222  10.25103648
  1.00000000  21.54434690
  1.00000000  45.27921484
  1.00000000  95.16219296
  0.11111111 200.00000000
  0.24975000   0.25000000
  0.45631406   0.52541875
  0.74573440   1.10425943
  1.65813564   2.32079442
  4.21489678   4.87755556
  4.21489678  10.25103648
  7.03822439  21.54434690
  7.03822439  45.27921484
  7.03822439  95.16219296
  7.03822439 200.00000000
  0.98967190   0.25000000
  1.21554087   0.52541875
  1.43663798   1.10425943
  1.58598416   2.32079442
  1.62436418   4.87755556
  1.70586245  10.25103648
  1.72536195  21.54434690
  1.77845147  45.27921484
  1.88260952  95.16219296
  2.51376678 200.00000000
