  1.00000000   0.25000000
  1.00000000   0.52541875
  0.77777778   1.10425943
  0.11111111   2.32079442
  0.11111111   4.87755556
  0.11111111  10.25103648
  0.11111111  21.54434690
  0.33333333  45.27921484
  1.00000000  95.16219296
  0.22222222 200.00000000
  0.24975000   0.25000000
  0.45631406   0.52541875
  0.74573440   1.10425943
  1.65813564   2.32079442
  4.21489678   4.87755556
  4.21489678  10.25103648
 15.50820720  21.54434690
 15.50820720  45.27921484
 15.50820720  95.16219296
 15.50820720 200.00000000
  0.96556168   0.25000000
  1.17899799   0.52541875
  1.39268041   1.10425943
  1.53098263   2.32079442
  1.56606623   4.87755556
  1.63516835  10.25103648
  1.64657138  21.54434690
  1.68014739  45.27921484
  1.75593205  95.16219296
  2.83968870 200.00000000
