  1.00000000   0.25000000
  1.00000000   0.52541875
  1.00000000   1.10425943
  0.77777778   2.32079442
  0.33333333   4.87755556
  0.33333333  10.25103648
  0.22222222  21.54434690
  0.22222222  45.27921484
  0.22222222  95.16219296
  0.22222222 200.00000000
  0.25000000   0.25000000
  0.52541875   0.52541875
  0.95954926   1.10425943
  1.26368301   2.32079442
  1.90287329   4.87755556
  3.24624352  10.25103648
  6.06957113  21.54434690
 12.00328811  45.27921484
 24.47403264  95.16219296
 51.23133727 200.00000000
  1.42744332   0.25000000
  2.14804243   0.52541875
  2.75898523   1.10425943
  3.73884474   2.32079442
  5.96019421   4.87755556
 10.64135286  10.25103648
 20.36173674  21.54434690
 40.85980833  45.27921484
 83.89384474  95.16219296
174.44386318 200.00000000
