  1.00000000   0.25000000
  1.00000000   0.52541875
  1.00000000   1.10425943
  0.88888889   2.32079442
  0.55555556   4.87755556
  0.33333333  10.25103648
  0.33333333  21.54434690
  0.22222222  45.27921484
  0.22222222  95.16219296
  0.22222222 200.00000000
  0.25000000   0.25000000
  0.52541875   0.52541875
  0.81483909   1.10425943
  1.11897283   2.32079442
  1.75816312   4.87755556
  1.75816312  10.25103648
  4.58149072  21.54434690
 10.51520771  45.27921484
 10.51520771  95.16219296
 21.85391807 200.00000000
  1.18270726   0.25000000
  1.56913747   0.52541875
  1.85770894   1.10425943
  2.31615698   2.32079442
  3.08825443   4.87755556
  4.76987696  10.25103648
  8.43961326  21.54434690
 15.64833882  45.27921484
 30.88359970  95.16219296
 63.96668162 200.00000000
