  1.00000000   0.25000000
  1.00000000   0.52541875
  0.44444444   1.10425943
  0.22222222   2.32079442
  0.00000000   4.87755556
  0.77777778  10.25103648
  0.55555556  21.54434690
  0.22222222  45.27921484
  0.55555556  95.16219296
  0.11111111 200.00000000
  0.25000000   0.25000000
  0.31885469   0.52541875
  0.46356486   1.10425943
  1.37596610   2.32079442
  3.29353695   4.87755556
  3.29353695  10.25103648
  3.29353695  21.54434690
  3.29353695  45.27921484
 15.76428148  95.16219296
 15.76428148 200.00000000
  0.78615022   0.25000000
  0.94410179   0.52541875
  1.31683367   1.10425943
  1.63699064   2.32079442
  1.70487967   4.87755556
  1.91289645  10.25103648
  2.45355378  21.54434690
  4.32997603  45.27921484
  6.48950580  95.16219296
 14.53239431 200.00000000
