  1.00000000   0.25000000
  1.00000000   0.52541875
  1.00000000   1.10425943
  0.11111111   2.32079442
  0.11111111   4.87755556
  0.77777778  10.25103648
  1.00000000  21.54434690
  0.88888889  45.27921484
  1.00000000  95.16219296
  0.33333333 200.00000000
  0.24975000   0.25000000
  0.52516875   0.52541875
  0.81458909   1.10425943
  1.42285658   2.32079442
  3.97961772   4.87755556
  3.97961772  10.25103648
  3.97961772  21.54434690
  3.97961772  45.27921484
  3.97961772  95.16219296
  9.22150808 200.00000000
  1.06862087   0.25000000
  1.35213521   0.52541875
  1.57636499   1.10425943
  1.75588772   2.32079442
  1.82194758   4.87755556
  1.95257273  10.25103648
  2.15071440  21.54434690
  2.37480205  45.27921484
  2.62357542  95.16219296
  3.06090250 200.00000000
