  1.00000000   0.25000000
  1.00000000   0.52541875
  1.00000000   1.10425943
  0.33333333   2.32079442
  0.33333333   4.87755556
  0.33333333  10.25103648
  1.00000000  21.54434690
  1.00000000  45.27921484
  1.00000000  95.16219296
  0.11111111 200.00000000
  0.24975000   0.25000000
  0.52516875   0.52541875
  0.81458909   1.10425943
  1.72699033   2.32079442
  4.28375147   4.87755556
  4.28375147  10.25103648
  4.28375147  21.54434690
  4.28375147  45.27921484
  4.28375147  95.16219296
  6.90469665 200.00000000
  1.00606439   0.25000000
  1.24282295   0.52541875
  1.45998555   1.10425943
  1.61740626   2.32079442
  1.65481561   4.87755556
  1.75117282  10.25103648
  1.80818747  21.54434690
  1.88203852  45.27921484
  2.03619550  95.16219296
  2.53388116 200.00000000
