  1.00000000   0.25000000
  1.00000000   0.52541875
  0.77777778   1.10425943
  0.11111111   2.32079442
  0.11111111   4.87755556
  0.11111111  10.25103648
  0.11111111  21.54434690
  1.00000000  45.27921484
  0.22222222  95.16219296
  0.22222222 200.00000000
  0.24975000   0.25000000
  0.45631406   0.52541875
  0.74573440   1.10425943
  1.65813564   2.32079442
  4.21489678   4.87755556
  4.21489678  10.25103648
 15.50820720  21.54434690
 15.50820720  45.27921484
 15.50820720  95.16219296
 15.50820720 200.00000000
  0.94914324   0.25000000
  1.15446506   0.52541875
  1.36309120   1.10425943
  1.49389265   2.32079442
  1.52685561   4.87755556
  1.58960340  10.25103648
  1.60022473  21.54434690
  1.61297828  45.27921484
  2.58253725  95.16219296
  5.28162204 200.00000000
