  1.00000000   0.25000000
  1.00000000   0.52541875
  1.00000000   1.10425943
  0.77777778   2.32079442
  0.44444444   4.87755556
  0.33333333  10.25103648
  0.22222222  21.54434690
  0.22222222  45.27921484
  0.22222222  95.16219296
  0.22222222 200.00000000
  0.25000000   0.25000000
  0.52541875   0.52541875
  0.81483909   1.10425943
  1.11897283   2.32079442
  1.75816312   4.87755556
  3.10153335  10.25103648
  5.92486096  21.54434690
 11.85857794  45.27921484
 24.32932247  95.16219296
 44.27741832 200.00000000
  1.35285790   0.25000000
  1.95157832   0.52541875
  2.41709293   1.10425943
  3.14023732   2.32079442
  4.73848704   4.87755556
  8.15137474  10.25103648
 15.24098317  21.54434690
 30.12014979  45.27921484
 61.44215465  95.16219296
127.49719329 200.00000000
