  1.00000000   0.25000000
  1.00000000   0.52541875
  0.44444444   1.10425943
  0.22222222   2.32079442
  0.22222222   4.87755556
  0.44444444  10.25103648
  1.00000000  21.54434690
  0.22222222  45.27921484
  0.55555556  95.16219296
  0.11111111 200.00000000
  0.25000000   0.25000000
  0.31885469   0.52541875
  0.46356486   1.10425943
  1.37596610   2.32079442
  3.93272724   4.87755556
  3.93272724  10.25103648
  3.93272724  21.54434690
  3.93272724  45.27921484
  3.93272724  95.16219296
  9.17461759 200.00000000
  0.76339202   0.25000000
  0.91791051   0.52541875
  1.28449854   1.10425943
  1.58605796   2.32079442
  1.64016440   4.87755556
  1.79598611  10.25103648
  2.05771540  21.54434690
  3.27873497  45.27921484
  5.00100344  95.16219296
  9.82986981 200.00000000
