  1.00000000   0.25000000
  1.00000000   0.52541875
  0.44444444   1.10425943
  0.33333333   2.32079442
  0.00000000   4.87755556
  1.00000000  10.25103648
  0.33333333  21.54434690
  0.33333333  45.27921484
  0.33333333  95.16219296
  0.22222222 200.00000000
  0.25000000   0.25000000
  0.31885469   0.52541875
  0.46356486   1.10425943
  1.37596610   2.32079442
  3.29353695   4.87755556
  3.29353695  10.25103648
  3.29353695  21.54434690
  3.29353695  45.27921484
 15.76428148  95.16219296
 15.76428148 200.00000000
  0.81129674   0.25000000
  0.97314802   0.52541875
  1.35278343   1.10425943
  1.69472957   2.32079442
  1.78184506   4.87755556
  2.04436949  10.25103648
  3.12962834  21.54434690
  5.27082041  45.27921484
  8.76121623  95.16219296
 20.57857843 200.00000000
