  1.00000000   0.25000000
  1.00000000   0.52541875
  1.00000000   1.10425943
  0.33333333   2.32079442
  0.33333333   4.87755556
  0.22222222  10.25103648
  1.00000000  21.54434690
  1.00000000  45.27921484
  1.00000000  95.16219296
  0.11111111 200.00000000
  0.24975000   0.25000000
  0.52516875   0.52541875
  0.81458909   1.10425943
  1.72699033   2.32079442
  4.28375147   4.87755556
  4.28375147  10.25103648
  7.10707907  21.54434690
  7.10707907  45.27921484
  7.10707907  95.16219296
  7.10707907 200.00000000
  0.99573150   0.25000000
  1.22538041   0.52541875
  1.44332050   1.10425943
  1.59733107   2.32079442
  1.63357088   4.87755556
  1.72356379  10.25103648
  1.74888242  21.54434690
  1.81004594  45.27921484
  1.93113203  95.16219296
  2.51046178 200.00000000
