  1.00000000   0.25000000
  1.00000000   0.52541875
  0.77777778   1.10425943
  0.11111111   2.32079442
  0.11111111   4.87755556
  0.11111111  10.25103648
  0.11111111  21.54434690
  0.11111111  45.27921484
  1.00000000  95.16219296
  0.22222222 200.00000000
  0.24975000   0.25000000
  0.45631406   0.52541875
  0.74573440   1.10425943
  1.65813564   2.32079442
  4.21489678   4.87755556
  4.21489678  10.25103648
 15.50820720  21.54434690
 15.50820720  45.27921484
 15.50820720  95.16219296
 15.50820720 200.00000000
  0.95215739   0.25000000
  1.15895773   0.52541875
  1.36861617   1.10425943
  1.50092266   2.32079442
  1.53428131   4.87755556
  1.59742721  10.25103648
  1.60818038  21.54434690
  1.63137717  45.27921484
  1.80706975  95.16219296
  3.84144006 200.00000000
