  1.00000000   0.25000000
  1.00000000   0.52541875
  0.44444444   1.10425943
  0.11111111   2.32079442
  1.00000000   4.87755556
  0.55555556  10.25103648
  0.33333333  21.54434690
  0.33333333  45.27921484
  0.22222222  95.16219296
  0.22222222 200.00000000
  0.25000000   0.25000000
  0.38770937   0.52541875
  0.53241954   1.10425943
  1.14068704   2.32079442
  1.77987732   4.87755556
  1.77987732  10.25103648
  1.77987732  21.54434690
  7.71359431  45.27921484
  7.71359431  95.16219296
 18.19737501 200.00000000
  0.83439498   0.25000000
  0.99771260   0.52541875
  1.38861532   1.10425943
  1.73195621   2.32079442
  1.83740308   4.87755556
  2.42643659  10.25103648
  3.73235851  21.54434690
  6.09211067  45.27921484
 12.12538913  95.16219296
 25.29627939 200.00000000
