  1.00000000   0.25000000
  1.00000000   0.52541875
  0.44444444   1.10425943
  0.22222222   2.32079442
  0.00000000   4.87755556
  0.55555556  10.25103648
  1.00000000  21.54434690
  0.22222222  45.27921484
  0.66666667  95.16219296
  0.11111111 200.00000000
  0.25000000   0.25000000
  0.31885469   0.52541875
  0.46356486   1.10425943
  1.37596610   2.32079442
  3.29353695   4.87755556
  3.29353695  10.25103648
  3.29353695  21.54434690
  3.29353695  45.27921484
  3.29353695  95.16219296
 11.15637248 200.00000000
  0.76920501   0.25000000
  0.92459024   0.52541875
  1.29274751   1.10425943
  1.59899613   2.32079442
  1.65480977   4.87755556
  1.84116352  10.25103648
  2.16778149  21.54434690
  3.56782368  45.27921484
  5.24842266  95.16219296
 10.74866025 200.00000000
