  1.00000000   0.25000000
  1.00000000   0.52541875
  0.44444444   1.10425943
  0.22222222   2.32079442
  0.00000000   4.87755556
  0.66666667  10.25103648
  1.00000000  21.54434690
  0.22222222  45.27921484
  0.55555556  95.16219296
  0.22222222 200.00000000
  0.25000000   0.25000000
  0.31885469   0.52541875
  0.46356486   1.10425943
  1.37596610   2.32079442
  3.29353695   4.87755556
  3.29353695  10.25103648
  3.29353695  21.54434690
  3.29353695  45.27921484
 15.76428148  95.16219296
 15.76428148 200.00000000
  0.77658675   0.25000000
  0.93309096   0.52541875
  1.30324792   1.10425943
  1.61548843   2.32079442
  1.67641628   4.87755556
  1.87265654  10.25103648
  2.27046656  21.54434690
  3.90345071  45.27921484
  5.78792201  95.16219296
 12.16998829 200.00000000
