  1.00000000   0.25000000
  1.00000000   0.52541875
  1.00000000   1.10425943
  1.00000000   2.32079442
  0.66666667   4.87755556
  0.44444444  10.25103648
  0.33333333  21.54434690
  0.22222222  45.27921484
  0.22222222  95.16219296
  0.22222222 200.00000000
  0.25000000   0.25000000
  0.52541875   0.52541875
  0.95954926   1.10425943
  1.26368301   2.32079442
  1.26368301   4.87755556
  2.60705324  10.25103648
  2.60705324  21.54434690
  8.54077022  45.27921484
  8.54077022  95.16219296
 19.02455093 200.00000000
  5.77990684   0.25000000
  6.71437653   0.52541875
  7.51392369   1.10425943
  8.47158765   2.32079442
 10.68316164   4.87755556
 15.68403194  10.25103648
 26.65842671  21.54434690
 49.27102396  45.27921484
 96.14412008  95.16219296
199.59126630 200.00000000
