  1.00000000   0.25000000
  1.00000000   0.52541875
  0.44444444   1.10425943
  0.22222222   2.32079442
  0.22222222   4.87755556
  0.55555556  10.25103648
  1.00000000  21.54434690
  0.22222222  45.27921484
  0.33333333  95.16219296
  0.11111111 200.00000000
  0.25000000   0.25000000
  0.25000000   0.52541875
  0.39471017   1.10425943
  1.30711141   2.32079442
  3.86387255   4.87755556
  3.86387255  10.25103648
  3.86387255  21.54434690
  3.86387255  45.27921484
  3.86387255  95.16219296
  9.10576291 200.00000000
  1.75390192   0.25000000
  1.94872267   0.52541875
  2.34404227   1.10425943
  2.63354413   2.32079442
  2.73389039   4.87755556
  2.96329264  10.25103648
  3.42970868  21.54434690
  5.72474118  45.27921484
 10.38578369  95.16219296
 21.24625887 200.00000000
