  1.00000000   0.25000000
  1.00000000   0.52541875
  0.55555556   1.10425943
  0.33333333   2.32079442
  1.00000000   4.87755556
  0.55555556  10.25103648
  0.44444444  21.54434690
  0.33333333  45.27921484
  0.22222222  95.16219296
  0.11111111 200.00000000
  0.25000000   0.25000000
  0.31885469   0.52541875
  0.46356486   1.10425943
  1.37596610   2.32079442
  1.37596610   4.87755556
  1.37596610  10.25103648
  1.37596610  21.54434690
  7.30968308  45.27921484
  7.30968308  95.16219296
 12.55157344 200.00000000
  2.16113146   0.25000000
  2.37932544   0.52541875
  2.84073848   1.10425943
  3.20706225   2.32079442
  3.44740235   4.87755556
  4.37081709  10.25103648
  6.03710224  21.54434690
  9.72222392  45.27921484
 18.47138482  95.16219296
 38.94190299 200.00000000
