  1.00000000   0.25000000
  1.00000000   0.52541875
  0.44444444   1.10425943
  0.22222222   2.32079442
  0.22222222   4.87755556
  0.44444444  10.25103648
  1.00000000  21.54434690
  0.22222222  45.27921484
  0.33333333  95.16219296
  0.11111111 200.00000000
  0.25000000   0.25000000
  0.25000000   0.52541875
  0.39471017   1.10425943
  1.30711141   2.32079442
  3.86387255   4.87755556
  3.86387255  10.25103648
  3.86387255  21.54434690
  3.86387255  45.27921484
  3.86387255  95.16219296
  9.10576291 200.00000000
  1.70555654   0.25000000
  1.89764186   0.52541875
  2.28461181   1.10425943
  2.56193862   2.32079442
  2.65772375   4.87755556
  2.87472632  10.25103648
  3.23688019  21.54434690
  5.16797444  45.27921484
  9.46494455  95.16219296
 19.14367153 200.00000000
