  0.62974373   0.00000000   1.00502069   1.00000000
  0.88106668   0.37148223   1.00486613   1.08156143
  0.96965132   0.48962300   1.00498103   1.07561619
  0.99091142   0.51828238   1.00468412   1.07177977
  0.99766484   0.52688394   1.00508877   1.06819633
  1.00052305   0.53091301   1.00487073   1.06391432
  1.00334507   0.53469348   1.00485252   1.05843127
  1.00608629   0.53811502   1.00508323   1.05247819
  1.00662482   0.53901686   1.00490003   1.05253824
  1.00729467   0.53980124   1.00500930   1.04859481
  1.00915396   0.54218617   1.00510534   1.04568136
  1.01097558   0.54470934   1.00500924   1.04192438
  1.05505083   0.54622026   1.00506438   1.03910091
  1.01722592   0.50835557   1.00509606   1.03416758
  1.01720428   0.50824645   1.00518798   1.03554881
  1.01732525   0.50850504   1.00505191   1.03185654
  1.01927740   0.51055424   1.00494905   1.02707742
  1.01802830   0.50923904   1.00501573   1.02880200
  1.02060079   0.51189628   1.00493331   1.02343802
  1.02291421   0.51400404   1.00512937   1.02034235
  1.02175012   0.51295773   1.00501921   1.02166196
  1.02274397   0.51403116   1.00494305   1.01921045
  1.02495813   0.51614156   1.00504813   1.01487213
  1.02464088   0.51587541   1.00499570   1.01687698
  1.02587884   0.51708081   1.00503196   1.01448921
  1.02678475   0.51812758   1.00488769   1.01131478
  1.02716785   0.51827595   1.00511732   1.01116797
  1.02804679   0.51926286   1.00501447   1.01057356
  1.02734420   0.51858979   1.00498541   1.01043079
  1.02838021   0.51960667   1.00500619   1.00873230
  1.02829775   0.51946861   1.00505155   1.00976132
  1.02844938   0.51963971   1.00504341   1.00840561
  1.02878178   0.51992472   1.00508632   1.00834914
  1.03120482   0.52235326   1.00508043   1.00448661
  1.02858930   0.51977165   1.00504575   1.00749248
  1.02884650   0.51993754   1.00514336   1.00818661
  0.99339674   0.52110869   1.00516191   1.00593788
  1.02075290   0.55791368   1.00483340   1.00776428
  1.02827833   0.56779228   1.00499803   1.00551082
  1.02991293   0.57005584   1.00491453   1.00590821
  1.02981652   0.56987810   1.00496219   1.00814085
  1.02911751   0.56884152   1.00506645   1.00936947
  1.02966839   0.56954474   1.00509955   1.00807891
  1.02907955   0.56895977   1.00489384   1.00962191
  1.02834534   0.56801218   1.00485997   1.01240174
  0.95937101   0.56768502   1.00503422   1.01263499
  0.54967588   0.62876038   0.68212000   1.00000000
  0.66453470   0.78190547   0.68212000   1.00000000
  0.69352483   0.82055898   0.68212000   1.00000000
  0.70084154   0.83031459   0.68212000   1.00000000
  0.70268479   0.83277226   0.68212000   1.00000000
  0.70314402   0.83338456   0.68212000   1.00000000
  0.70327230   0.83355561   0.68212000   1.00000000
  0.70329800   0.83358987   0.68212000   1.00000000
  0.70330654   0.83360126   0.68212000   1.00000000
  0.70330447   0.83359850   0.68212000   1.00000000
  0.77215461   0.83359244   0.68212000   1.00000000
  0.72102905   0.76542502   0.68212000   1.00000000
  0.70807385   0.74815143   0.68212000   1.00000000
  0.70478934   0.74377208   0.68212000   1.00000000
  0.69268089   0.74266212   0.68212000   1.00000000
  0.69224707   0.75579609   0.68212000   1.00000000
  0.70080150   0.77290494   0.68212000   1.00000000
  0.76064343   0.78419748   0.68212000   1.00000000
  0.74891530   0.73728495   0.68212000   1.00000000
  0.73969254   0.70039391   0.68212000   1.00000000
  0.73250258   0.67163410   0.68212000   1.00000000
  0.87106200   0.64910396   0.68212000   1.00000000
  0.82276927   0.48073688   0.68212000   1.00000000
  0.77598711   0.35539547   0.68212000   1.00000000
  0.84593375   0.27334486   0.68212000   1.00000000
  0.72876587   0.11442852   0.68212000   1.00000000
  0.69604535   0.07080089   0.68212000   1.00000000
  0.68751720   0.05943002   0.68212000   1.00000000
  0.68529257   0.05646385   0.68212000   1.00000000
  0.68471308   0.05569119   0.68212000   1.00000000
  0.68455593   0.05548166   0.68212000   1.00000000
  0.68451999   0.05543374   0.68212000   1.00000000
  0.68451041   0.05542096   0.68212000   1.00000000
  0.68450953   0.05541980   0.68212000   1.00000000
  0.73746531   0.05541906   0.68212000   1.00000000
