  0.62974373   0.00000000   1.00502069
  0.95292774   0.40178085   1.08682445
  1.12205882   0.56658078   1.16294156
  1.21778792   0.63694696   1.23471398
  1.29412466   0.68344947   1.30375464
  1.36177995   0.72260873   1.36769743
  1.42424764   0.75899702   1.42638746
  1.48093639   0.79209320   1.47945991
  1.53461538   0.82173969   1.53198592
  1.58458588   0.84916702   1.58099074
  1.63361027   0.87768658   1.62705640
  1.67894362   0.90460767   1.66903522
  1.79339355   0.92847460   1.70842573
  1.76385427   0.88148082   1.74282127
  1.79997715   0.89935917   1.77871389
  1.83259966   0.91601595   1.81049059
  1.86371565   0.93353185   1.83751673
  1.89075296   0.94579416   1.86658511
  1.91945163   0.96272721   1.88998568
  1.94461098   0.97714735   1.91080112
  1.96453109   0.98626992   1.93236238
  1.98608936   0.99820860   1.95152135
  2.00563239   1.00998295   1.96667262
  2.02230445   1.01816858   1.98353132
  2.03961195   1.02803972   1.99816500
  2.05303088   1.03598337   2.00924824
  2.06526826   1.04206813   2.02093251
  2.07790561   1.04954290   2.03135229
  2.08720154   1.05359178   2.04177636
  2.09828647   1.06019510   2.05059459
  2.10815576   1.06498410   2.06049776
  2.11711136   1.06970276   2.06892908
  2.12638507   1.07463040   2.07740902
  2.13601986   1.08199353   2.08190624
  2.13830880   1.08054039   2.08936470
  2.14726625   1.08514180   2.09779634
  2.07917908   1.09068034   2.10380359
  2.14436093   1.17204497   2.11091783
  2.16583674   1.19592657   2.11680204
  2.17536459   1.20406228   2.12256341
  2.18354456   1.20832614   2.13084532
  2.19170471   1.21145799   2.14048331
  2.20119651   1.21755693   2.14867393
  2.20983941   1.22178089   2.15790315
  2.22101604   1.22679038   2.17029244
  2.08416721   1.23325647   2.18336738
  1.19413286   1.36593846   1.48185856
  1.44365571   1.69863560   1.48185856
  1.50663476   1.78260767   1.48185856
  1.52252981   1.80380106   1.48185856
  1.52653415   1.80914018   1.48185856
  1.52753179   1.81047036   1.48185856
  1.52781048   1.81084195   1.48185856
  1.52786630   1.81091638   1.48185856
  1.52788486   1.81094112   1.48185856
  1.52788036   1.81093512   1.48185856
  1.67745253   1.81092196   1.48185856
  1.56638578   1.66283296   1.48185856
  1.53824151   1.62530726   1.48185856
  1.53110614   1.61579343   1.48185856
  1.50480136   1.61338213   1.48185856
  1.50385892   1.64191476   1.48185856
  1.52244283   1.67908257   1.48185856
  1.65244528   1.70361483   1.48185856
  1.62696672   1.60170059   1.48185856
  1.60693091   1.52155736   1.48185856
  1.59131124   1.45907866   1.48185856
  1.89232199   1.41013349   1.48185856
  1.78740937   1.04436765   1.48185856
  1.68577836   0.77207209   1.48185856
  1.83773261   0.59382283   1.48185856
  1.58319349   0.24858805   1.48185856
  1.51211042   0.15381004   1.48185856
  1.49358360   0.12910761   1.48185856
  1.48875075   0.12266381   1.48185856
  1.48749185   0.12098527   1.48185856
  1.48715044   0.12053006   1.48185856
  1.48707236   0.12042596   1.48185856
  1.48705155   0.12039820   1.48185856
  1.48704965   0.12039567   1.48185856
  1.60209241   0.12039408   1.48185856
