  0.30368556   0.07159139   0.81424639
  0.30885038   0.18643130   0.62859287
  0.25412955   0.27082316   0.48841411
  0.25082309   0.28123198   0.47545620
  0.22816559   0.30614228   0.43227787
  0.22756993   0.30769075   0.43018941
  0.22684416   0.30935677   0.42812771
  0.22606417   0.31104778   0.42613061
  0.18831207   0.34898000   0.35477949
  0.18827771   0.34923816   0.35437092
  0.18780634   0.35033121   0.35323614
  0.18743021   0.35131278   0.35212941
  0.22054891   0.27568490   0.44444557
  0.22055233   0.27567338   0.44446113
  0.16541475   0.33081540   0.33334312
  0.16541361   0.33081809   0.33333956
  0.16541800   0.33080788   0.33335295
  0.16541707   0.33080940   0.33335161
  0.16541581   0.33081299   0.33334624
  0.16542218   0.33079703   0.33336833
  0.16541738   0.33080945   0.33335078
  0.16541446   0.33081578   0.33334292
  0.16541364   0.33081793   0.33333986
  0.16541473   0.33081550   0.33334294
  0.16541185   0.33082207   0.33333443
  0.16541436   0.33081616   0.33334227
  0.16541826   0.33080716   0.33335401
  0.16541447   0.33081606   0.33334223
  0.16541401   0.33081699   0.33334117
  0.16541284   0.33081981   0.33333736
  0.16542018   0.33080223   0.33336095
  0.16541199   0.33082175   0.33333486
  0.16541542   0.33081385   0.33334515
  0.16541565   0.33081322   0.33334607
  0.16541617   0.33081193   0.33334785
  0.16541147   0.33082293   0.33333333
  0.19106958   0.34180428   0.36285011
  0.18528163   0.35671255   0.34619126
  0.18370646   0.36080552   0.34159192
  0.18333787   0.36171958   0.34059578
  0.18326630   0.36175747   0.34065664
  0.18349853   0.36129192   0.34108270
  0.18330966   0.36166624   0.34074474
  0.22011142   0.32466264   0.40933377
  0.22041585   0.32411096   0.40987562
  0.20715405   0.40619417   0.34162577
  0.30947953   0.45172496   0.40670137
  0.30268646   0.49680431   0.37872664
  0.30063037   0.50852378   0.37166587
  0.30009460   0.51149845   0.36988383
  0.29996090   0.51224657   0.36943490
  0.29992600   0.51243454   0.36932305
  0.29991615   0.51248716   0.36929180
  0.29991519   0.51249667   0.36928554
  0.29991126   0.51250345   0.36928346
  0.29991185   0.51250217   0.36928397
  0.35710520   0.38645263   0.48039619
  0.35792454   0.36859143   0.49284820
  0.35807603   0.36412154   0.49600354
  0.35810307   0.36299967   0.49680351
  0.42334589   0.30875535   0.57884273
  0.53405812   0.21161089   0.71682933
  0.62138770   0.13283574   0.82481519
  0.70567405   0.00000000   1.00000000
  0.67048965   0.00000000   1.00000000
  0.64282137   0.00000000   1.00000000
  0.62125151   0.00000000   1.00000000
  0.46016196   0.00000000   1.00000000
  0.34008762   0.00000000   1.00000000
  0.26152836   0.00000000   1.00000000
  0.10953111   0.00000000   1.00000000
  0.06778264   0.00000000   1.00000000
  0.05687554   0.00000000   1.00000000
  0.05403282   0.00000000   1.00000000
  0.05329128   0.00000000   1.00000000
  0.05309811   0.00000000   1.00000000
  0.05304573   0.00000000   1.00000000
  0.05303375   0.00000000   1.00000000
  0.05303055   0.00000000   1.00000000
  0.05303026   0.00000000   1.00000000
  0.00000000   0.00007375   0.00000000
