  1.00000000   0.25000000
  1.00000000   0.52541875
  1.00000000   1.10425943
  1.00000000   2.32079442
  1.00000000   4.87755556
  0.55555556  10.25103648
  0.33333333  21.54434690
  0.33333333  45.27921484
  0.22222222  95.16219296
  0.22222222 200.00000000
  0.25000000   0.25000000
  0.52541875   0.52541875
  0.67012892   1.10425943
  0.97426266   2.32079442
  1.61345295   4.87755556
  1.61345295  10.25103648
  1.61345295  21.54434690
  7.54716993  45.27921484
  7.54716993  95.16219296
 15.41000546 200.00000000
  3.13899029   0.25000000
  3.46244067   0.52541875
  3.81845057   1.10425943
  4.34341267   2.32079442
  5.10409628   4.87755556
  6.77031250  10.25103648
 10.16480740  21.54434690
 17.07023118  45.27921484
 34.26004249  95.16219296
 70.46436417 200.00000000
