  1.00000000   0.25000000
  1.00000000   0.52541875
  0.44444444   1.10425943
  0.22222222   2.32079442
  0.22222222   4.87755556
  0.88888889  10.25103648
  0.44444444  21.54434690
  0.33333333  45.27921484
  0.22222222  95.16219296
  0.11111111 200.00000000
  0.25000000   0.25000000
  0.25000000   0.52541875
  0.39471017   1.10425943
  1.30711141   2.32079442
  3.86387255   4.87755556
  3.86387255  10.25103648
  3.86387255  21.54434690
  3.86387255  45.27921484
  3.86387255  95.16219296
 11.72670808 200.00000000
  1.88717166   0.25000000
  2.08907673   0.52541875
  2.50745995   1.10425943
  2.83134231   2.32079442
  2.94473906   4.87755556
  3.21309016  10.25103648
  4.21791014  21.54434690
  7.12662588  45.27921484
 12.87677205  95.16219296
 27.06736690 200.00000000
