  1.00000000   0.25000000
  1.00000000   0.52541875
  0.44444444   1.10425943
  0.44444444   2.32079442
  0.44444444   4.87755556
  0.11111111  10.25103648
  0.11111111  21.54434690
  0.44444444  45.27921484
  1.00000000  95.16219296
  0.33333333 200.00000000
  0.24975000   0.25000000
  0.31860469   0.52541875
  0.60802503   1.10425943
  1.82456002   2.32079442
  4.38132116   4.87755556
  4.38132116  10.25103648
 15.67463157  21.54434690
 15.67463157  45.27921484
 15.67463157  95.16219296
 15.67463157 200.00000000
  1.62368563   0.25000000
  1.76879439   0.52541875
  1.93997312   1.10425943
  2.04254925   2.32079442
  2.08718124   4.87755556
  2.16888645  10.25103648
  2.20432802  21.54434690
  2.28745843  45.27921484
  2.41403197  95.16219296
  3.14983288 200.00000000
