  0.62976218   0.00000000   1.00495181   1.00000000
  0.88401317   0.37561702   1.00474704   1.06932615
  0.97041178   0.49052605   1.00510947   1.07309827
  0.98856725   0.51496423   1.00487858   1.07570016
  0.99711356   0.52674392   1.00449093   1.06358773
  0.99944145   0.52896632   1.00533597   1.06631056
  1.04007860   0.53151215   1.00480085   1.06312402
  1.00426431   0.49523017   1.00526854   1.05976949
  1.00442115   0.49589846   1.00475504   1.05980319
  1.00710309   0.49866800   1.00466949   1.04917149
  1.01180033   0.50325751   1.00475555   1.03967734
  1.00817400   0.49973041   1.00467800   1.04852754
  1.01156499   0.50280550   1.00499389   1.04311379
  1.01202327   0.50346742   1.00479025   1.04035861
  1.01576750   0.50700462   1.00499728   1.03339021
  1.01211355   0.50377448   1.00455691   1.03944526
  1.01742281   0.50847070   1.00518652   1.02814339
  1.01806187   0.50914414   1.00515213   1.02436438
  1.01770694   0.50880321   1.00513813   1.02624518
  1.01932031   0.51058146   1.00497325   1.02481980
  1.02128852   0.51297187   1.00454751   1.02258609
  1.02080474   0.51233869   1.00467451   1.02454736
  1.02820535   0.51915771   1.00528143   1.01320456
  1.02635431   0.51787691   1.00471181   1.00992224
  1.03242637   0.52372075   1.00494002   1.00126840
  1.02701799   0.51816099   1.00508600   1.01270783
  1.02871243   0.51951632   1.00538728   1.01093896
  1.02598689   0.51783865   1.00438264   1.01337076
  1.03111963   0.52189114   1.00546290   1.00756580
  1.03124939   0.52175725   1.00568437   1.00682146
  1.03059600   0.52165682   1.00517358   1.00654288
  1.02555384   0.51672708   1.00506116   1.01302261
  1.03206786   0.52328956   1.00501271   1.00070402
  1.02950440   0.52049988   1.00523892   1.00670452
  1.02855652   0.51971199   1.00507893   1.01015126
  1.02998181   0.52110647   1.00510974   1.00447269
  1.03272949   0.52351901   1.00544257   1.00320882
  1.03245918   0.52372835   1.00496523   1.00300261
  1.03030163   0.52121971   1.00531632   1.00742509
  1.02884248   0.52015408   1.00492279   1.01090356
  0.99486966   0.52273784   1.00550818   1.00590097
  1.02036361   0.55736186   1.00487610   1.00724032
  1.02718643   0.56611222   1.00522283   1.00647118
  1.02920545   0.56876973   1.00525734   1.00761104
  0.96096499   0.56958807   1.00525798   1.00930650
  0.54894773   0.62778951   0.68212000   1.00000000
  0.66401237   0.78120902   0.68212000   1.00000000
  0.69276828   0.81955024   0.68212000   1.00000000
  0.70063499   0.83003919   0.68212000   1.00000000
  0.70265192   0.83272843   0.68212000   1.00000000
  0.70315119   0.83339412   0.68212000   1.00000000
  0.70325860   0.83353734   0.68212000   1.00000000
  0.70328937   0.83357836   0.68212000   1.00000000
  0.70331063   0.83360670   0.68212000   1.00000000
  0.70330352   0.83359723   0.68212000   1.00000000
  0.70331089   0.83360706   0.68212000   1.00000000
  0.70331187   0.83360836   0.68212000   1.00000000
  0.74515672   0.83361218   0.68212000   1.00000000
  0.74057002   0.79147965   0.68212000   1.00000000
  0.71172328   0.75301733   0.68212000   1.00000000
  0.70571607   0.74500772   0.68212000   1.00000000
  0.69284006   0.74298047   0.68212000   1.00000000
  0.69232764   0.75595722   0.68212000   1.00000000
  0.69965482   0.77061158   0.68212000   1.00000000
  0.75987527   0.78112486   0.68212000   1.00000000
  0.74805780   0.73385497   0.68212000   1.00000000
  0.73910946   0.69806162   0.68212000   1.00000000
  0.87671603   0.67103695   0.68212000   1.00000000
  0.82832175   0.49673119   0.68212000   1.00000000
  0.78081925   0.36740448   0.68212000   1.00000000
  0.85064313   0.27988670   0.68212000   1.00000000
  0.73033929   0.11652613   0.68212000   1.00000000
  0.69650701   0.07141644   0.68212000   1.00000000
  0.68765107   0.05960852   0.68212000   1.00000000
  0.68533291   0.05651763   0.68212000   1.00000000
  0.68471684   0.05569621   0.68212000   1.00000000
  0.68455885   0.05548555   0.68212000   1.00000000
  0.68451544   0.05542767   0.68212000   1.00000000
  0.68450961   0.05541989   0.68212000   1.00000000
  0.68450497   0.05541371   0.68212000   1.00000000
  0.73745832   0.05541207   0.68212000   1.00000000
