  0.62976218   0.00000000   1.00495181
  0.94529840   0.40165710   1.07440228
  1.10862211   0.56038894   1.14826159
  1.20419807   0.62729059   1.22406730
  1.27801273   0.67513416   1.28746839
  1.34726994   0.71305870   1.35521588
  1.46770368   0.75004171   1.41792160
  1.47718883   0.72844217   1.47866597
  1.53748711   0.75908148   1.53799821
  1.59111317   0.78784112   1.58726835
  1.63867986   0.81505997   1.62727035
  1.68173098   0.83359827   1.67589931
  1.73099985   0.86040567   1.71975532
  1.77262793   0.88185761   1.75995879
  1.81310289   0.90498223   1.79387850
  1.84650382   0.91908809   1.83271746
  1.88482379   0.94196597   1.86215548
  1.91081211   0.95561853   1.88658168
  1.93685584   0.96833226   1.91293544
  1.96522566   0.98438908   1.93756488
  1.99208724   1.00058377   1.95943285
  2.01620166   1.01192527   1.98434269
  2.04439567   1.03224883   1.99881570
  2.05089896   1.03484070   2.00765211
  2.06434191   1.04718237   2.00938280
  2.06657900   1.04265029   2.02244716
  2.08124161   1.05106049   2.03405128
  2.08944566   1.05459020   2.04544811
  2.10769984   1.06679170   2.05525521
  2.11499971   1.07007717   2.06256816
  2.12040271   1.07328433   2.06809729
  2.12338410   1.06987077   2.08095450
  2.13759782   1.08382661   2.08156174
  2.13919077   1.08153839   2.08876992
  2.14766233   1.08517699   2.09864029
  2.15524518   1.09041946   2.10320018
  2.16430856   1.09714759   2.10712291
  2.16684215   1.09915888   2.10914006
  2.16996414   1.09776404   2.11734147
  2.17810900   1.10119121   2.12746989
  2.11205762   1.10974581   2.13464266
  2.17356774   1.18728633   2.14057640
  2.19474873   1.20958965   2.14781998
  2.20689602   1.21959679   2.15554478
  2.06951318   1.22665240   2.16490158
  1.18220181   1.35199374   1.46899870
  1.43000250   1.68239465   1.46899870
  1.49193060   1.76496546   1.46899870
  1.50887218   1.78755423   1.46899870
  1.51321580   1.79334572   1.46899870
  1.51429100   1.79477933   1.46899870
  1.51452233   1.79508777   1.46899870
  1.51458859   1.79517611   1.46899870
  1.51463437   1.79523715   1.46899870
  1.51461907   1.79521675   1.46899870
  1.51463494   1.79523791   1.46899870
  1.51463704   1.79524071   1.46899870
  1.60475319   1.79524894   1.46899870
  1.59487539   1.70451325   1.46899870
  1.53275168   1.62168163   1.46899870
  1.51981469   1.60443232   1.46899870
  1.49208519   1.60006647   1.46899870
  1.49098165   1.62801291   1.46899870
  1.50676130   1.65957222   1.46899870
  1.63645076   1.68221339   1.46899870
  1.61100091   1.58041401   1.46899870
  1.59172996   1.50333022   1.46899870
  1.88807645   1.44513049   1.46899870
  1.78385560   1.06974943   1.46899870
  1.68155525   0.79123424   1.46899870
  1.83192642   0.60275786   1.46899870
  1.57284270   0.25094813   1.46899870
  1.49998226   0.15380088   1.46899870
  1.48091030   0.12837159   1.46899870
  1.47591796   0.12171514   1.46899870
  1.47459121   0.11994614   1.46899870
  1.47425095   0.11949247   1.46899870
  1.47415746   0.11936781   1.46899870
  1.47414490   0.11935107   1.46899870
  1.47413492   0.11933776   1.46899870
  1.58817409   0.11933422   1.46899870
