  0.26912411   0.10606552   0.72413695
  0.25337250   0.24297839   0.51536621
  0.19570015   0.32952359   0.37682567
  0.19218648   0.33908908   0.36577091
  0.19047682   0.34364447   0.36057135
  0.18986161   0.34499923   0.35920453
  0.16541147   0.33082293   0.33333333
  0.16541147   0.33082293   0.33333333
  0.16541312   0.33081924   0.33333805
  0.16541147   0.33082293   0.33333333
  0.16542793   0.33078480   0.33338325
  0.16541147   0.33082293   0.33333333
  0.16541147   0.33082293   0.33333333
  0.16541147   0.33082293   0.33333333
  0.16541147   0.33082293   0.33333333
  0.16542424   0.33079360   0.33337147
  0.16541147   0.33082293   0.33333333
  0.16541147   0.33082293   0.33333333
  0.16541147   0.33082293   0.33333333
  0.16541147   0.33082293   0.33333333
  0.16541432   0.33081654   0.33334149
  0.16543092   0.33077754   0.33339308
  0.16541197   0.33082182   0.33333476
  0.16541147   0.33082293   0.33333333
  0.16541147   0.33082293   0.33333333
  0.16541578   0.33081322   0.33334579
  0.16544498   0.33074619   0.33343291
  0.16541147   0.33082293   0.33333333
  0.16541147   0.33082293   0.33333333
  0.16544152   0.33075072   0.33343046
  0.16541147   0.33082293   0.33333333
  0.16541147   0.33082293   0.33333333
  0.16541147   0.33082293   0.33333333
  0.16541147   0.33082293   0.33333333
  0.16541147   0.33082293   0.33333333
  0.16541147   0.33082293   0.33333333
  0.16541332   0.33081877   0.33333865
  0.16541147   0.33082293   0.33333333
  0.16541147   0.33082293   0.33333333
  0.16541147   0.33082293   0.33333333
  0.19073878   0.34263759   0.36193342
  0.18540575   0.35646860   0.34641030
  0.18389127   0.36025735   0.34225593
  0.18343415   0.36138747   0.34102656
  0.16530385   0.44857721   0.27252205
  0.29517871   0.46578307   0.38809586
  0.27646348   0.52285318   0.34605857
  0.30070079   0.50820117   0.37185014
  0.30010816   0.51141604   0.36993414
  0.29996591   0.51223060   0.36944290
  0.29993384   0.51242909   0.36932130
  0.29992488   0.51247386   0.36929514
  0.29989715   0.51251184   0.36928765
  0.29990247   0.51251360   0.36928247
  0.29991386   0.51249985   0.36928420
  0.29991160   0.51250456   0.36928241
  0.29992029   0.51249620   0.36928217
  0.31187150   0.45870396   0.40522961
  0.30099624   0.43203339   0.41071109
  0.35807475   0.36533930   0.49511470
  0.35811401   0.36329763   0.49657780
  0.42340367   0.30885673   0.57875550
  0.45124956   0.29450002   0.60568878
  0.56145901   0.19161774   0.74595039
  0.67969607   0.02367351   0.96721239
  0.66791717   0.00000000   1.00000000
  0.64107215   0.00000000   1.00000000
  0.47644092   0.00000000   1.00000000
  0.35052944   0.00000000   1.00000000
  0.26870523   0.00000000   1.00000000
  0.11136357   0.00000000   1.00000000
  0.06830685   0.00000000   1.00000000
  0.05702942   0.00000000   1.00000000
  0.05407744   0.00000000   1.00000000
  0.05330472   0.00000000   1.00000000
  0.05309937   0.00000000   1.00000000
  0.05304670   0.00000000   1.00000000
  0.05303223   0.00000000   1.00000000
  0.05303029   0.00000000   1.00000000
  0.05302874   0.00000000   1.00000000
  0.00000000   0.00007375   0.00000000
