  1.00000000   0.25000000
  1.00000000   0.52541875
  0.44444444   1.10425943
  0.33333333   2.32079442
  1.00000000   4.87755556
  0.44444444  10.25103648
  0.33333333  21.54434690
  0.22222222  45.27921484
  0.22222222  95.16219296
  0.11111111 200.00000000
  0.25000000   0.25000000
  0.31885469   0.52541875
  0.46356486   1.10425943
  1.37596610   2.32079442
  1.37596610   4.87755556
  1.37596610  10.25103648
  1.37596610  21.54434690
  7.30968308  45.27921484
  7.30968308  95.16219296
 12.55157344 200.00000000
  2.05169335   0.25000000
  2.26387067   0.52541875
  2.71558456   1.10425943
  3.05994241   2.32079442
  3.20871194   4.87755556
  4.01902040  10.25103648
  5.53595067  21.54434690
  8.76966355  45.27921484
 16.83876233  95.16219296
 35.47602884 200.00000000
