  1.00000000   0.25000000
  1.00000000   0.52541875
  1.00000000   1.10425943
  1.00000000   2.32079442
  0.33333333   4.87755556
  0.22222222  10.25103648
  0.22222222  21.54434690
  0.22222222  45.27921484
  0.22222222  95.16219296
  0.22222222 200.00000000
  0.25000000   0.25000000
  0.52541875   0.52541875
  0.95954926   1.10425943
  1.26368301   2.32079442
  1.90287329   4.87755556
  3.24624352  10.25103648
  6.06957113  21.54434690
 12.00328811  45.27921484
 24.47403264  95.16219296
 44.54201111 200.00000000
 11.23333070   0.25000000
 14.28586436   0.52541875
 17.23496593   1.10425943
 21.01931666   2.32079442
 31.67076769   4.87755556
 54.81300161  10.25103648
102.68473555  21.54434690
203.36952493  45.27921484
414.07576019  95.16219296
865.97462549 200.00000000
