  1.00000000   0.25000000
  1.00000000   0.52541875
  0.44444444   1.10425943
  0.22222222   2.32079442
  0.22222222   4.87755556
  0.44444444  10.25103648
  1.00000000  21.54434690
  0.22222222  45.27921484
  0.22222222  95.16219296
  0.11111111 200.00000000
  0.25000000   0.25000000
  0.25000000   0.52541875
  0.39471017   1.10425943
  1.30711141   2.32079442
  3.86387255   4.87755556
  3.86387255  10.25103648
  3.86387255  21.54434690
  3.86387255  45.27921484
  3.86387255  95.16219296
  9.10576291 200.00000000
  1.69901969   0.25000000
  1.89052828   0.52541875
  2.27761606   1.10425943
  2.55383273   2.32079442
  2.64910705   4.87755556
  2.86432609  10.25103648
  3.21694206  21.54434690
  5.24365345  45.27921484
  9.66074171  95.16219296
 19.66456456 200.00000000
