  1.00000000   0.25000000
  1.00000000   0.52541875
  0.55555556   1.10425943
  0.33333333   2.32079442
  1.00000000   4.87755556
  0.44444444  10.25103648
  0.33333333  21.54434690
  0.22222222  45.27921484
  0.22222222  95.16219296
  0.11111111 200.00000000
  0.25000000   0.25000000
  0.31885469   0.52541875
  0.46356486   1.10425943
  1.37596610   2.32079442
  1.37596610   4.87755556
  1.37596610  10.25103648
  1.37596610  21.54434690
  7.30968308  45.27921484
  7.30968308  95.16219296
 12.55157344 200.00000000
  2.21830575   0.25000000
  2.43171684   0.52541875
  2.88873460   1.10425943
  3.26405971   2.32079442
  3.57211907   4.87755556
  4.52702661  10.25103648
  6.39655844  21.54434690
 10.82099653  45.27921484
 19.56562332  95.16219296
 42.20921186 200.00000000
