  1.00000000   0.25000000
  1.00000000   0.52541875
  0.44444444   1.10425943
  0.22222222   2.32079442
  0.22222222   4.87755556
  0.88888889  10.25103648
  0.33333333  21.54434690
  0.22222222  45.27921484
  0.22222222  95.16219296
  0.11111111 200.00000000
  0.25000000   0.25000000
  0.25000000   0.52541875
  0.39471017   1.10425943
  1.30711141   2.32079442
  3.86387255   4.87755556
  3.86387255  10.25103648
  3.86387255  21.54434690
  3.86387255  45.27921484
  3.86387255  95.16219296
 11.72670808 200.00000000
  1.89026674   0.25000000
  2.09166132   0.52541875
  2.51110233   1.10425943
  2.83584204   2.32079442
  2.94954330   4.87755556
  3.23614121  10.25103648
  4.37838646  21.54434690
  7.37439556  45.27921484
 13.45752059  95.16219296
 28.38641542 200.00000000
