  1.00000000   0.25000000
  1.00000000   0.52541875
  1.00000000   1.10425943
  1.00000000   2.32079442
  0.66666667   4.87755556
  0.44444444  10.25103648
  0.22222222  21.54434690
  0.22222222  45.27921484
  0.22222222  95.16219296
  0.11111111 200.00000000
  0.25000000   0.25000000
  0.52541875   0.52541875
  0.67012892   1.10425943
  0.97426266   2.32079442
  0.97426266   4.87755556
  2.31763289  10.25103648
  2.31763289  21.54434690
  2.31763289  45.27921484
 14.78837742  95.16219296
 14.78837742 200.00000000
  3.14484269   0.25000000
  3.46933302   0.52541875
  3.82140080   1.10425943
  4.34101257   2.32079442
  5.10718439   4.87755556
  6.72432207  10.25103648
 10.61298799  21.54434690
 17.62359582  45.27921484
 34.19538497  95.16219296
 73.08930698 200.00000000
