  1.00000000   0.25000000
  1.00000000   0.52541875
  1.00000000   1.10425943
  1.00000000   2.32079442
  0.33333333   4.87755556
  0.22222222  10.25103648
  0.22222222  21.54434690
  0.22222222  45.27921484
  0.22222222  95.16219296
  0.22222222 200.00000000
  0.25000000   0.25000000
  0.52541875   0.52541875
  0.95954926   1.10425943
  1.26368301   2.32079442
  1.26368301   4.87755556
  2.60705324  10.25103648
  5.43038084  21.54434690
 11.36409783  45.27921484
 23.83484236  95.16219296
 36.86047729 200.00000000
  9.33594156   0.25000000
 11.52253152   0.52541875
 13.55094877   1.10425943
 15.95390129   2.32079442
 22.76854409   4.87755556
 38.28295353  10.25103648
 69.93238209  21.54434690
135.85311310  45.27921484
273.96747091  95.16219296
576.93516551 200.00000000
