  1.00000000   0.25000000
  1.00000000   0.52541875
  0.55555556   1.10425943
  0.00000000   2.32079442
  0.00000000   4.87755556
  0.44444444  10.25103648
  1.00000000  21.54434690
  0.22222222  45.27921484
  0.22222222  95.16219296
  0.11111111 200.00000000
  0.24975000   0.25000000
  0.38745937   0.52541875
  0.67687972   1.10425943
  1.58928095   2.32079442
  4.14604210   4.87755556
  4.14604210  10.25103648
  4.14604210  21.54434690
  4.14604210  45.27921484
  4.14604210  95.16219296
 12.00887763 200.00000000
  1.79706083   0.25000000
  1.96003509   0.52541875
  2.15694809   1.10425943
  2.28250609   2.32079442
  2.34568156   4.87755556
  2.51099063  10.25103648
  2.77324186  21.54434690
  4.03195793  45.27921484
  7.54822247  95.16219296
 14.03168313 200.00000000
