  1.00000000   0.25000000
  1.00000000   0.52541875
  0.44444444   1.10425943
  0.22222222   2.32079442
  0.22222222   4.87755556
  0.44444444  10.25103648
  1.00000000  21.54434690
  0.22222222  45.27921484
  0.22222222  95.16219296
  0.11111111 200.00000000
  0.25000000   0.25000000
  0.25000000   0.52541875
  0.39471017   1.10425943
  1.30711141   2.32079442
  3.86387255   4.87755556
  3.86387255  10.25103648
  3.86387255  21.54434690
  3.86387255  45.27921484
  3.86387255  95.16219296
  9.10576291 200.00000000
  1.65872433   0.25000000
  1.84803343   0.52541875
  2.22835693   1.10425943
  2.49466877   2.32079442
  2.58624895   4.87755556
  2.79057884  10.25103648
  3.07499956  21.54434690
  4.74595575  45.27921484
  8.82194617  95.16219296
 17.80321651 200.00000000
