  1.00000000   0.25000000
  1.00000000   0.52541875
  1.00000000   1.10425943
  1.00000000   2.32079442
  0.55555556   4.87755556
  0.33333333  10.25103648
  0.22222222  21.54434690
  0.22222222  45.27921484
  0.22222222  95.16219296
  0.11111111 200.00000000
  0.25000000   0.25000000
  0.52541875   0.52541875
  0.95954926   1.10425943
  1.26368301   2.32079442
  1.26368301   4.87755556
  2.60705324  10.25103648
  2.60705324  21.54434690
  8.54077022  45.27921484
  8.54077022  95.16219296
 19.02455093 200.00000000
  4.91787884   0.25000000
  5.62228484   0.52541875
  6.21435718   1.10425943
  6.99198124   2.32079442
  8.67428466   4.87755556
 12.32195439  10.25103648
 20.87812202  21.54434690
 37.73294241  45.27921484
 73.94539228  95.16219296
154.06423755 200.00000000
