  1.00000000   0.25000000
  1.00000000   0.52541875
  0.55555556   1.10425943
  0.00000000   2.32079442
  0.00000000   4.87755556
  0.22222222  10.25103648
  0.22222222  21.54434690
  0.66666667  45.27921484
  1.00000000  95.16219296
  0.11111111 200.00000000
  0.24975000   0.25000000
  0.38745937   0.52541875
  0.67687972   1.10425943
  1.58928095   2.32079442
  4.14604210   4.87755556
  4.14604210  10.25103648
 15.43935251  21.54434690
 15.43935251  45.27921484
 15.43935251  95.16219296
 19.63387317 200.00000000
  1.83548370   0.25000000
  1.99820822   0.52541875
  2.19707352   1.10425943
  2.32661089   2.32079442
  2.39185327   4.87755556
  2.50331185  10.25103648
  2.55103466  21.54434690
  2.66424182  45.27921484
  2.82691633  95.16219296
  3.11370774 200.00000000
