  1.00000000   0.25000000
  1.00000000   0.52541875
  1.00000000   1.10425943
  1.00000000   2.32079442
  0.66666667   4.87755556
  0.44444444  10.25103648
  0.22222222  21.54434690
  0.22222222  45.27921484
  0.22222222  95.16219296
  0.22222222 200.00000000
  0.25000000   0.25000000
  0.52541875   0.52541875
  0.81483909   1.10425943
  1.11897283   2.32079442
  1.11897283   4.87755556
  2.46234307  10.25103648
  2.46234307  21.54434690
  8.39606005  45.27921484
  8.39606005  95.16219296
 18.87984076 200.00000000
  3.71444748   0.25000000
  4.14700807   0.52541875
  4.53486513   1.10425943
  5.13462461   2.32079442
  6.15740098   4.87755556
  8.23338234  10.25103648
 13.51630161  21.54434690
 22.99928502  45.27921484
 45.91300267  95.16219296
 94.91134439 200.00000000
