  1.00000000   0.25000000
  1.00000000   0.52541875
  0.44444444   1.10425943
  0.11111111   2.32079442
  0.11111111   4.87755556
  0.44444444  10.25103648
  1.00000000  21.54434690
  0.22222222  45.27921484
  0.22222222  95.16219296
  0.11111111 200.00000000
  0.25000000   0.25000000
  0.25000000   0.52541875
  0.39471017   1.10425943
  1.30711141   2.32079442
  3.86387255   4.87755556
  3.86387255  10.25103648
  3.86387255  21.54434690
  3.86387255  45.27921484
  3.86387255  95.16219296
  9.10576291 200.00000000
  1.62616403   0.25000000
  1.81373320   0.52541875
  2.18869038   1.10425943
  2.44716119   2.32079442
  2.53581875   4.87755556
  2.73060408  10.25103648
  2.97410058  21.54434690
  4.34766068  45.27921484
  8.11032403  95.16219296
 16.26967584 200.00000000
