  1.00000000   0.25000000
  1.00000000   0.52541875
  0.66666667   1.10425943
  0.00000000   2.32079442
  0.00000000   4.87755556
  0.22222222  10.25103648
  0.00000000  21.54434690
  1.00000000  45.27921484
  1.00000000  95.16219296
  0.11111111 200.00000000
  0.24975000   0.25000000
  0.38745937   0.52541875
  0.67687972   1.10425943
  1.58928095   2.32079442
  4.14604210   4.87755556
  4.14604210  10.25103648
 12.61602491  21.54434690
 12.61602491  45.27921484
 12.61602491  95.16219296
 19.44577514 200.00000000
  1.94280415   0.25000000
  2.11434625   0.52541875
  2.32467710   1.10425943
  2.46844392   2.32079442
  2.54051642   4.87755556
  2.67019988  10.25103648
  2.73555310  21.54434690
  2.87826339  45.27921484
  3.09066654  95.16219296
  3.40232182 200.00000000
