  1.00000000   0.25000000
  1.00000000   0.52541875
  0.33333333   1.10425943
  0.33333333   2.32079442
  0.33333333   4.87755556
  0.11111111  10.25103648
  1.00000000  21.54434690
  0.22222222  45.27921484
  0.22222222  95.16219296
  0.22222222 200.00000000
  0.24975000   0.25000000
  0.31860469   0.52541875
  0.60802503   1.10425943
  1.82456002   2.32079442
  4.38132116   4.87755556
  4.38132116  10.25103648
  4.38132116  21.54434690
  4.38132116  45.27921484
  4.38132116  95.16219296
 14.86510186 200.00000000
  1.54691961   0.25000000
  1.68912014   0.52541875
  1.84932015   1.10425943
  1.94390245   2.32079442
  1.98497580   4.87755556
  2.06365899  10.25103648
  2.13623537  21.54434690
  3.11978251  45.27921484
  6.01111022  95.16219296
  9.41429834 200.00000000
