  1.00000000   0.25000000
  1.00000000   0.52541875
  0.44444444   1.10425943
  0.22222222   2.32079442
  0.22222222   4.87755556
  0.55555556  10.25103648
  0.66666667  21.54434690
  0.22222222  45.27921484
  0.22222222  95.16219296
  0.11111111 200.00000000
  0.25000000   0.25000000
  0.25000000   0.52541875
  0.39471017   1.10425943
  1.30711141   2.32079442
  3.86387255   4.87755556
  3.86387255  10.25103648
  3.86387255  21.54434690
  3.86387255  45.27921484
  3.86387255  95.16219296
  9.10576291 200.00000000
  1.77803334   0.25000000
  1.97401827   0.52541875
  2.37478563   1.10425943
  2.67100055   2.32079442
  2.77376749   4.87755556
  3.00722643  10.25103648
  3.58965225  21.54434690
  6.20197538  45.27921484
 11.24492269  95.16219296
 23.30271902 200.00000000
