  1.00000000   0.25000000
  1.00000000   0.52541875
  0.33333333   1.10425943
  0.33333333   2.32079442
  0.33333333   4.87755556
  0.00000000  10.25103648
  0.00000000  21.54434690
  0.11111111  45.27921484
  1.00000000  95.16219296
  0.11111111 200.00000000
  0.24975000   0.25000000
  0.31860469   0.52541875
  0.60802503   1.10425943
  1.82456002   2.32079442
  4.38132116   4.87755556
  4.38132116  10.25103648
 15.67463157  21.54434690
 15.67463157  45.27921484
 15.67463157  95.16219296
 15.67463157 200.00000000
  1.37981428   0.25000000
  1.51296912   0.52541875
  1.65517052   1.10425943
  1.73355272   2.32079442
  1.76744524   4.87755556
  1.81483971  10.25103648
  1.84113358  21.54434690
  1.88871243  45.27921484
  1.97028057  95.16219296
  3.51660308 200.00000000
