  1.00000000   0.25000000
  1.00000000   0.52541875
  0.33333333   1.10425943
  0.33333333   2.32079442
  0.33333333   4.87755556
  0.11111111  10.25103648
  0.11111111  21.54434690
  0.33333333  45.27921484
  1.00000000  95.16219296
  0.22222222 200.00000000
  0.24975000   0.25000000
  0.31860469   0.52541875
  0.60802503   1.10425943
  1.82456002   2.32079442
  4.38132116   4.87755556
  4.38132116  10.25103648
 15.67463157  21.54434690
 15.67463157  45.27921484
 15.67463157  95.16219296
 15.67463157 200.00000000
  1.53976436   0.25000000
  1.68157832   0.52541875
  1.84359475   1.10425943
  1.93768129   2.32079442
  1.97853425   4.87755556
  2.04676122  10.25103648
  2.07892299  21.54434690
  2.14675143  45.27921484
  2.19306003  95.16219296
  2.56474837 200.00000000
