  1.00000000   0.25000000
  1.00000000   0.52541875
  1.00000000   1.10425943
  0.88888889   2.32079442
  0.66666667   4.87755556
  0.44444444  10.25103648
  0.22222222  21.54434690
  0.22222222  45.27921484
  0.22222222  95.16219296
  0.11111111 200.00000000
  0.25000000   0.25000000
  0.52541875   0.52541875
  0.67012892   1.10425943
  0.97426266   2.32079442
  0.97426266   4.87755556
  2.31763289  10.25103648
  2.31763289  21.54434690
  2.31763289  45.27921484
 14.78837742  95.16219296
 14.78837742 200.00000000
  2.90873343   0.25000000
  3.19242162   0.52541875
  3.54550307   1.10425943
  4.03388857   2.32079442
  4.70002811   4.87755556
  6.12056594  10.25103648
  9.60242287  21.54434690
 15.62524607  45.27921484
 29.39470333  95.16219296
 64.79586004 200.00000000
