  1.00000000   0.25000000
  1.00000000   0.52541875
  1.00000000   1.10425943
  1.00000000   2.32079442
  0.44444444   4.87755556
  0.22222222  10.25103648
  0.22222222  21.54434690
  0.22222222  45.27921484
  0.22222222  95.16219296
  0.22222222 200.00000000
  0.25000000   0.25000000
  0.52541875   0.52541875
  0.95954926   1.10425943
  1.26368301   2.32079442
  1.26368301   4.87755556
  2.60705324  10.25103648
  2.60705324  21.54434690
  8.54077022  45.27921484
 21.01151475  95.16219296
 26.74468667 200.00000000
  6.93571083   0.25000000
  8.22396859   0.52541875
  9.35826107   1.10425943
 10.64962184   2.32079442
 14.06729263   4.87755556
 22.04639146  10.25103648
 38.41096734  21.54434690
 73.27512771  45.27921484
144.57423568  95.16219296
308.21607825 200.00000000
