  1.00000000   0.25000000
  1.00000000   0.52541875
  0.33333333   1.10425943
  0.33333333   2.32079442
  0.33333333   4.87755556
  0.00000000  10.25103648
  0.00000000  21.54434690
  0.00000000  45.27921484
  0.44444444  95.16219296
  0.11111111 200.00000000
  0.24975000   0.25000000
  0.31860469   0.52541875
  0.60802503   1.10425943
  1.82456002   2.32079442
  4.38132116   4.87755556
  4.38132116  10.25103648
 15.67463157  21.54434690
 15.67463157  45.27921484
 15.67463157  95.16219296
 15.67463157 200.00000000
  1.40193736   0.25000000
  1.53618675   0.52541875
  1.68021119   1.10425943
  1.76061147   2.32079442
  1.79539615   4.87755556
  1.84763755  10.25103648
  1.87473208  21.54434690
  1.91179411  45.27921484
  2.33320304  95.16219296
  5.66837840 200.00000000
