  1.00000000   0.25000000
  1.00000000   0.52541875
  0.33333333   1.10425943
  0.33333333   2.32079442
  0.33333333   4.87755556
  0.11111111  10.25103648
  0.11111111  21.54434690
  0.22222222  45.27921484
  1.00000000  95.16219296
  0.22222222 200.00000000
  0.24975000   0.25000000
  0.31860469   0.52541875
  0.60802503   1.10425943
  1.82456002   2.32079442
  4.38132116   4.87755556
  4.38132116  10.25103648
 15.67463157  21.54434690
 15.67463157  45.27921484
 15.67463157  95.16219296
 15.67463157 200.00000000
  1.49292005   0.25000000
  1.63215805   0.52541875
  1.78842026   1.10425943
  1.87778500   2.32079442
  1.91654095   4.87755556
  1.97820391  10.25103648
  2.00858143  21.54434690
  2.06973144  45.27921484
  2.10341017  95.16219296
  2.55880381 200.00000000
