  1.00000000   0.25000000
  1.00000000   0.52541875
  1.00000000   1.10425943
  1.00000000   2.32079442
  0.44444444   4.87755556
  0.33333333  10.25103648
  0.22222222  21.54434690
  0.22222222  45.27921484
  0.22222222  95.16219296
  0.11111111 200.00000000
  0.25000000   0.25000000
  0.52541875   0.52541875
  0.95954926   1.10425943
  1.26368301   2.32079442
  1.26368301   4.87755556
  2.60705324  10.25103648
  2.60705324  21.54434690
  8.54077022  45.27921484
  8.54077022  95.16219296
 19.02455093 200.00000000
  6.12311961   0.25000000
  7.15725709   0.52541875
  8.05133902   1.10425943
  9.09753718   2.32079442
 11.69805684   4.87755556
 17.70472592  10.25103648
 30.45441393  21.54434690
 57.34371915  45.27921484
111.69307311  95.16219296
236.27668278 200.00000000
