  1.00000000   0.25000000
  1.00000000   0.52541875
  0.44444444   1.10425943
  0.22222222   2.32079442
  0.22222222   4.87755556
  0.55555556  10.25103648
  0.44444444  21.54434690
  0.22222222  45.27921484
  0.22222222  95.16219296
  0.11111111 200.00000000
  0.25000000   0.25000000
  0.25000000   0.52541875
  0.39471017   1.10425943
  1.30711141   2.32079442
  3.86387255   4.87755556
  3.86387255  10.25103648
  3.86387255  21.54434690
  3.86387255  45.27921484
  3.86387255  95.16219296
  9.10576291 200.00000000
  1.81064252   0.25000000
  2.00846107   0.52541875
  2.41500880   1.10425943
  2.71966970   2.32079442
  2.82561744   4.87755556
  3.06749308  10.25103648
  3.79318603  21.54434690
  6.57416220  45.27921484
 11.89337788  95.16219296
 24.80989557 200.00000000
