  1.00000000   0.25000000
  1.00000000   0.52541875
  0.66666667   1.10425943
  0.44444444   2.32079442
  0.77777778   4.87755556
  0.44444444  10.25103648
  0.22222222  21.54434690
  0.22222222  45.27921484
  0.22222222  95.16219296
  0.11111111 200.00000000
  0.25000000   0.25000000
  0.52541875   0.52541875
  0.52541875   1.10425943
  1.13368624   2.32079442
  1.13368624   4.87755556
  1.13368624  10.25103648
  3.95701384  21.54434690
  3.95701384  45.27921484
  3.95701384  95.16219296
 14.44079455 200.00000000
  2.51397796   0.25000000
  2.73480114   0.52541875
  3.14315400   1.10425943
  3.56845289   2.32079442
  4.06751407   4.87755556
  5.18774130  10.25103648
  7.67317459  21.54434690
 13.16783052  45.27921484
 23.30005637  95.16219296
 51.70076127 200.00000000
