  1.00000000   0.25000000
  1.00000000   0.52541875
  0.44444444   1.10425943
  0.00000000   2.32079442
  0.00000000   4.87755556
  0.44444444  10.25103648
  1.00000000  21.54434690
  0.22222222  45.27921484
  0.22222222  95.16219296
  0.11111111 200.00000000
  0.24975000   0.25000000
  0.31860469   0.52541875
  0.60802503   1.10425943
  1.52042627   2.32079442
  4.07718741   4.87755556
  4.07718741  10.25103648
  4.07718741  21.54434690
  4.07718741  45.27921484
  4.07718741  95.16219296
 11.94002294 200.00000000
  1.75425327   0.25000000
  1.96430804   0.52541875
  2.20846537   1.10425943
  2.35717095   2.32079442
  2.42734026   4.87755556
  2.62442771  10.25103648
  2.87302606  21.54434690
  4.18665987  45.27921484
  7.82058461  95.16219296
 15.07180123 200.00000000
