  1.00000000   0.25000000
  1.00000000   0.52541875
  1.00000000   1.10425943
  1.00000000   2.32079442
  0.77777778   4.87755556
  0.44444444  10.25103648
  0.22222222  21.54434690
  0.22222222  45.27921484
  0.22222222  95.16219296
  0.22222222 200.00000000
  0.25000000   0.25000000
  0.52541875   0.52541875
  0.67012892   1.10425943
  0.97426266   2.32079442
  1.61345295   4.87755556
  1.61345295  10.25103648
  1.61345295  21.54434690
  7.54716993  45.27921484
  7.54716993  95.16219296
 18.03095064 200.00000000
  3.41184591   0.25000000
  3.78531255   0.52541875
  4.14695436   1.10425943
  4.70425503   2.32079442
  5.58868645   4.87755556
  7.44152137  10.25103648
 11.82387199  21.54434690
 20.17359389  45.27921484
 40.08096698  95.16219296
 82.95495810 200.00000000
