  1.00000000   0.25000000
  1.00000000   0.52541875
  1.00000000   1.10425943
  0.66666667   2.32079442
  0.22222222   4.87755556
  0.22222222  10.25103648
  0.22222222  21.54434690
  0.22222222  45.27921484
  0.22222222  95.16219296
  0.22222222 200.00000000
  0.25000000   0.25000000
  0.52541875   0.52541875
  0.95954926   1.10425943
  1.26368301   2.32079442
  1.90287329   4.87755556
  3.24624352  10.25103648
  6.06957113  21.54434690
 12.00328811  45.27921484
 24.47403264  95.16219296
 51.23133727 200.00000000
 14.04122037   0.25000000
 18.63028537   0.52541875
 23.34019122   1.10425943
 30.15952025   2.32079442
 48.54862829   4.87755556
 86.64402484  10.25103648
166.69077945  21.54434690
333.48270898  45.27921484
685.50587629  95.16219296
1435.66166609 200.00000000
