  1.00000000   0.25000000
  1.00000000   0.52541875
  1.00000000   1.10425943
  1.00000000   2.32079442
  0.55555556   4.87755556
  0.33333333  10.25103648
  0.22222222  21.54434690
  0.22222222  45.27921484
  0.22222222  95.16219296
  0.11111111 200.00000000
  0.25000000   0.25000000
  0.52541875   0.52541875
  0.81483909   1.10425943
  1.11897283   2.32079442
  1.11897283   4.87755556
  2.46234307  10.25103648
  2.46234307  21.54434690
  8.39606005  45.27921484
  8.39606005  95.16219296
 18.87984076 200.00000000
  4.45540928   0.25000000
  5.04846699   0.52541875
  5.55101367   1.10425943
  6.25077094   2.32079442
  7.64378829   4.87755556
 10.63118392  10.25103648
 17.79137390  21.54434690
 31.55921615  45.27921484
 62.16165632  95.16219296
128.99119234 200.00000000
