  1.00000000   0.25000000
  1.00000000   0.52541875
  0.44444444   1.10425943
  0.22222222   2.32079442
  0.22222222   4.87755556
  0.55555556  10.25103648
  1.00000000  21.54434690
  0.22222222  45.27921484
  0.22222222  95.16219296
  0.11111111 200.00000000
  0.25000000   0.25000000
  0.25000000   0.52541875
  0.39471017   1.10425943
  1.30711141   2.32079442
  3.86387255   4.87755556
  3.86387255  10.25103648
  3.86387255  21.54434690
  3.86387255  45.27921484
  3.86387255  95.16219296
  9.10576291 200.00000000
  1.74884986   0.25000000
  1.94315652   0.52541875
  2.33879925   1.10425943
  2.62753681   2.32079442
  2.72749706   4.87755556
  2.95443650  10.25103648
  3.43316130  21.54434690
  5.85435130  45.27921484
 10.66386946  95.16219296
 21.95575347 200.00000000
