  1.00000000   0.25000000
  1.00000000   0.52541875
  1.00000000   1.10425943
  0.44444444   2.32079442
  0.22222222   4.87755556
  0.22222222  10.25103648
  0.22222222  21.54434690
  0.22222222  45.27921484
  0.22222222  95.16219296
  0.22222222 200.00000000
  0.25000000   0.25000000
  0.52541875   0.52541875
  0.95954926   1.10425943
  1.26368301   2.32079442
  1.90287329   4.87755556
  4.58961375  10.25103648
  7.41294136  21.54434690
 19.28037533  45.27921484
 31.75111986  95.16219296
 66.54652625 200.00000000
 18.60252455   0.25000000
 26.35597489   0.52541875
 35.14261457   1.10425943
 49.78044985   2.32079442
 85.58587554   4.87755556
159.10115212  10.25103648
315.70445975  21.54434690
635.68721196  45.27921484
1332.58534410  95.16219296
2781.26163553 200.00000000
