  1.00000000   0.25000000
  1.00000000   0.52541875
  0.44444444   1.10425943
  0.22222222   2.32079442
  0.22222222   4.87755556
  0.88888889  10.25103648
  0.33333333  21.54434690
  0.22222222  45.27921484
  0.22222222  95.16219296
  0.11111111 200.00000000
  0.25000000   0.25000000
  0.25000000   0.52541875
  0.39471017   1.10425943
  1.30711141   2.32079442
  3.86387255   4.87755556
  3.86387255  10.25103648
  3.86387255  21.54434690
  3.86387255  45.27921484
  3.86387255  95.16219296
 11.72670808 200.00000000
  1.93883632   0.25000000
  2.14304971   0.52541875
  2.56948363   1.10425943
  2.90485274   2.32079442
  3.02326652   4.87755556
  3.38333689  10.25103648
  4.76167322  21.54434690
  7.79904320  45.27921484
 14.41547215  95.16219296
 30.48522376 200.00000000
