  1.00000000   0.25000000
  1.00000000   0.52541875
  1.00000000   1.10425943
  1.00000000   2.32079442
  0.33333333   4.87755556
  0.22222222  10.25103648
  0.22222222  21.54434690
  0.22222222  45.27921484
  0.22222222  95.16219296
  0.22222222 200.00000000
  0.25000000   0.25000000
  0.52541875   0.52541875
  0.95954926   1.10425943
  1.26368301   2.32079442
  1.26368301   4.87755556
  2.60705324  10.25103648
  5.43038084  21.54434690
  5.43038084  45.27921484
 17.90112537  95.16219296
 32.52389314 200.00000000
  7.96937002   0.25000000
  9.61751259   0.52541875
 11.10198662   1.10425943
 12.79492218   2.32079442
 17.49077417   4.87755556
 28.41358871  10.25103648
 50.67220955  21.54434690
 96.43026010  45.27921484
196.86845389  95.16219296
410.85778982 200.00000000
