  1.00000000   0.25000000
  1.00000000   0.52541875
  0.33333333   1.10425943
  0.33333333   2.32079442
  0.33333333   4.87755556
  0.11111111  10.25103648
  0.11111111  21.54434690
  1.00000000  45.27921484
  0.11111111  95.16219296
  0.22222222 200.00000000
  0.24975000   0.25000000
  0.31860469   0.52541875
  0.60802503   1.10425943
  1.82456002   2.32079442
  4.38132116   4.87755556
  4.38132116  10.25103648
 15.67463157  21.54434690
 15.67463157  45.27921484
 15.67463157  95.16219296
 15.67463157 200.00000000
  1.47533722   0.25000000
  1.61351703   0.52541875
  1.76547850   1.10425943
  1.85290978   2.32079442
  1.89080809   4.87755556
  1.95707823  10.25103648
  1.98691428  21.54434690
  2.14947865  45.27921484
  4.50605887  95.16219296
  8.25113256 200.00000000
