  1.00000000   0.25000000
  1.00000000   0.52541875
  0.33333333   1.10425943
  0.33333333   2.32079442
  0.33333333   4.87755556
  0.11111111  10.25103648
  0.11111111  21.54434690
  0.44444444  45.27921484
  0.22222222  95.16219296
  0.22222222 200.00000000
  0.24975000   0.25000000
  0.31860469   0.52541875
  0.60802503   1.10425943
  1.82456002   2.32079442
  4.38132116   4.87755556
  4.38132116  10.25103648
 15.67463157  21.54434690
 15.67463157  45.27921484
 15.67463157  95.16219296
 15.67463157 200.00000000
  1.49672252   0.25000000
  1.63608644   0.52541875
  1.79047013   1.10425943
  1.88000848   2.32079442
  1.91884147   4.87755556
  1.98934431  10.25103648
  2.02000895  21.54434690
  2.41172221  45.27921484
  5.22849567  95.16219296
  8.61099774 200.00000000
