  1.00000000   0.25000000
  1.00000000   0.52541875
  0.33333333   1.10425943
  0.33333333   2.32079442
  0.33333333   4.87755556
  0.00000000  10.25103648
  0.00000000  21.54434690
  0.11111111  45.27921484
  1.00000000  95.16219296
  0.11111111 200.00000000
  0.24975000   0.25000000
  0.31860469   0.52541875
  0.60802503   1.10425943
  1.82456002   2.32079442
  4.38132116   4.87755556
  4.38132116  10.25103648
 15.67463157  21.54434690
 15.67463157  45.27921484
 15.67463157  95.16219296
 15.67463157 200.00000000
  1.37967849   0.25000000
  1.51280338   0.52541875
  1.65476441   1.10425943
  1.73311405   2.32079442
  1.76699219   4.87755556
  1.81487421  10.25103648
  1.84116892  21.54434690
  1.88793083  45.27921484
  2.01743075  95.16219296
  4.03739352 200.00000000
