  1.00000000   0.25000000
  1.00000000   0.52541875
  1.00000000   1.10425943
  1.00000000   2.32079442
  0.55555556   4.87755556
  0.33333333  10.25103648
  0.22222222  21.54434690
  0.22222222  45.27921484
  0.22222222  95.16219296
  0.11111111 200.00000000
  0.25000000   0.25000000
  0.52541875   0.52541875
  0.95954926   1.10425943
  1.26368301   2.32079442
  1.26368301   4.87755556
  2.60705324  10.25103648
  2.60705324  21.54434690
  8.54077022  45.27921484
  8.54077022  95.16219296
 19.02455093 200.00000000
  5.46455300   0.25000000
  6.31148356   0.52541875
  7.03267562   1.10425943
  7.91944484   2.32079442
  9.97563604   4.87755556
 14.60757373  10.25103648
 24.92174143  21.54434690
 46.02132765  45.27921484
 89.67078246  95.16219296
188.09589426 200.00000000
