  1.00000000   0.25000000
  1.00000000   0.52541875
  0.55555556   1.10425943
  0.00000000   2.32079442
  0.00000000   4.87755556
  0.11111111  10.25103648
  0.11111111  21.54434690
  0.55555556  45.27921484
  1.00000000  95.16219296
  0.00000000 200.00000000
  0.24975000   0.25000000
  0.38745937   0.52541875
  0.67687972   1.10425943
  1.58928095   2.32079442
  4.14604210   4.87755556
  4.14604210  10.25103648
 15.43935251  21.54434690
 15.43935251  45.27921484
 15.43935251  95.16219296
 19.63387317 200.00000000
  1.78672565   0.25000000
  1.94556038   0.52541875
  2.13934198   1.10425943
  2.26255283   2.32079442
  2.32480219   4.87755556
  2.42750135  10.25103648
  2.47282524  21.54434690
  2.57549577  45.27921484
  2.71648943  95.16219296
  2.99572280 200.00000000
