  1.00000000   0.25000000
  1.00000000   0.52541875
  0.55555556   1.10425943
  0.33333333   2.32079442
  1.00000000   4.87755556
  0.44444444  10.25103648
  0.33333333  21.54434690
  0.22222222  45.27921484
  0.22222222  95.16219296
  0.11111111 200.00000000
  0.25000000   0.25000000
  0.31885469   0.52541875
  0.46356486   1.10425943
  1.37596610   2.32079442
  1.37596610   4.87755556
  1.37596610  10.25103648
  1.37596610  21.54434690
  7.30968308  45.27921484
  7.30968308  95.16219296
 12.55157344 200.00000000
  2.12382248   0.25000000
  2.33859041   0.52541875
  2.79543025   1.10425943
  3.15367007   2.32079442
  3.37379809   4.87755556
  4.26042637  10.25103648
  5.93375457  21.54434690
  9.71095752  45.27921484
 18.14892413  95.16219296
 38.56448392 200.00000000
