  1.00000000   0.25000000
  1.00000000   0.52541875
  1.00000000   1.10425943
  0.33333333   2.32079442
  0.22222222   4.87755556
  0.22222222  10.25103648
  0.22222222  21.54434690
  0.22222222  45.27921484
  0.22222222  95.16219296
  0.22222222 200.00000000
  0.25000000   0.25000000
  0.52541875   0.52541875
  0.95954926   1.10425943
  1.56781675   2.32079442
  2.84619732   4.87755556
  5.53293779  10.25103648
 11.17959299  21.54434690
 23.04702697  45.27921484
 47.98851602  95.16219296
100.71937362 200.00000000
 27.16237728   0.25000000
 43.26123219   0.52541875
 65.17660722   1.10425943
106.93152060   2.32079442
200.64143293   4.87755556
393.59504632  10.25103648
801.09873272  21.54434690
1656.29721891  45.27921484
3454.35781714  95.16219296
7233.58124689 200.00000000
