  1.00000000   0.25000000
  1.00000000   0.52541875
  0.66666667   1.10425943
  0.33333333   2.32079442
  0.77777778   4.87755556
  0.44444444  10.25103648
  0.33333333  21.54434690
  0.22222222  45.27921484
  0.22222222  95.16219296
  0.11111111 200.00000000
  0.25000000   0.25000000
  0.38770937   0.52541875
  0.53241954   1.10425943
  1.14068704   2.32079442
  1.14068704   4.87755556
  1.14068704  10.25103648
  3.96401464  21.54434690
  3.96401464  45.27921484
  3.96401464  95.16219296
 11.82685017 200.00000000
  2.35090003   0.25000000
  2.55903329   0.52541875
  3.00073687   1.10425943
  3.40235796   2.32079442
  3.80551494   4.87755556
  4.82258924  10.25103648
  6.94071228  21.54434690
 12.12767306  45.27921484
 21.09388536  95.16219296
 46.57802910 200.00000000
