  1.00000000   0.25000000
  1.00000000   0.52541875
  0.77777778   1.10425943
  0.66666667   2.32079442
  0.77777778   4.87755556
  0.44444444  10.25103648
  0.22222222  21.54434690
  0.22222222  45.27921484
  0.22222222  95.16219296
  0.11111111 200.00000000
  0.25000000   0.25000000
  0.52541875   0.52541875
  0.52541875   1.10425943
  1.13368624   2.32079442
  1.13368624   4.87755556
  1.13368624  10.25103648
  3.95701384  21.54434690
  3.95701384  45.27921484
  3.95701384  95.16219296
 14.44079455 200.00000000
  2.69923012   0.25000000
  2.94871231   0.52541875
  3.32215604   1.10425943
  3.77798779   2.32079442
  4.36360334   4.87755556
  5.61487744  10.25103648
  8.54956680  21.54434690
 14.32675068  45.27921484
 26.00604948  95.16219296
 57.73389573 200.00000000
