  1.00000000   0.25000000
  1.00000000   0.52541875
  1.00000000   1.10425943
  1.00000000   2.32079442
  0.55555556   4.87755556
  0.33333333  10.25103648
  0.22222222  21.54434690
  0.22222222  45.27921484
  0.22222222  95.16219296
  0.22222222 200.00000000
  0.25000000   0.25000000
  0.52541875   0.52541875
  0.81483909   1.10425943
  1.11897283   2.32079442
  1.11897283   4.87755556
  2.46234307  10.25103648
  2.46234307  21.54434690
  8.39606005  45.27921484
  8.39606005  95.16219296
 18.87984076 200.00000000
  4.05884846   0.25000000
  4.56324123   0.52541875
  5.00058222   1.10425943
  5.64233171   2.32079442
  6.82421362   4.87755556
  9.29862576  10.25103648
 15.40725413  21.54434690
 26.76828406  45.27921484
 53.09426160  95.16219296
109.87412428 200.00000000
