  1.00000000   0.25000000
  1.00000000   0.52541875
  1.00000000   1.10425943
  0.44444444   2.32079442
  0.33333333   4.87755556
  0.22222222  10.25103648
  0.22222222  21.54434690
  0.22222222  45.27921484
  0.22222222  95.16219296
  0.22222222 200.00000000
  0.25000000   0.25000000
  0.52541875   0.52541875
  0.95954926   1.10425943
  1.56781675   2.32079442
  2.84619732   4.87755556
  5.53293779  10.25103648
 11.17959299  21.54434690
 23.04702697  45.27921484
 47.98851602  95.16219296
100.71937362 200.00000000
 27.35114289   0.25000000
 43.67211996   0.52541875
 65.91247040   1.10425943
108.15532835   2.32079442
202.86662417   4.87755556
397.94879289  10.25103648
809.97158422  21.54434690
1674.64749273  45.27921484
3492.64537399  95.16219296
7313.93913985 200.00000000
