  1.00000000   0.25000000
  1.00000000   0.52541875
  0.44444444   1.10425943
  0.22222222   2.32079442
  0.22222222   4.87755556
  0.44444444  10.25103648
  1.00000000  21.54434690
  0.33333333  45.27921484
  0.22222222  95.16219296
  0.11111111 200.00000000
  0.25000000   0.25000000
  0.25000000   0.52541875
  0.39471017   1.10425943
  1.30711141   2.32079442
  3.86387255   4.87755556
  3.86387255  10.25103648
  3.86387255  21.54434690
  3.86387255  45.27921484
  3.86387255  95.16219296
  9.10576291 200.00000000
  1.66615037   0.25000000
  1.85606546   0.52541875
  2.23637423   1.10425943
  2.50398558   2.32079442
  2.59614349   4.87755556
  2.80205943  10.25103648
  3.10216813  21.54434690
  4.71260785  45.27921484
  8.68684852  95.16219296
 17.41971069 200.00000000
