  1.00000000   0.25000000
  1.00000000   0.52541875
  0.55555556   1.10425943
  0.44444444   2.32079442
  0.33333333   4.87755556
  0.11111111  10.25103648
  0.11111111  21.54434690
  0.11111111  45.27921484
  0.11111111  95.16219296
  0.11111111 200.00000000
  0.25000000   0.25000000
  0.52541875   0.52541875
  0.67012892   1.10425943
  0.97426266   2.32079442
  1.61345295   4.87755556
  1.61345295  10.25103648
  4.43678055  21.54434690
  4.43678055  45.27921484
 16.90752508  95.16219296
 21.50740405 200.00000000
  1.42413326   0.25000000
  1.76305004   0.52541875
  2.01883967   1.10425943
  2.40358968   2.32079442
  2.96128731   4.87755556
  4.29433518  10.25103648
  7.02688484  21.54434690
 13.11271092  45.27921484
 24.68972005  95.16219296
 52.67182822 200.00000000
