  1.00000000   0.25000000
  0.66666667   0.52541875
  0.22222222   1.10425943
  0.11111111   2.32079442
  0.11111111   4.87755556
  0.22222222  10.25103648
  1.00000000  21.54434690
  0.11111111  45.27921484
  0.11111111  95.16219296
  0.00000000 200.00000000
  0.25000000   0.25000000
  0.31885469   0.52541875
  0.46356486   1.10425943
  1.37596610   2.32079442
  3.93272724   4.87755556
  3.93272724  10.25103648
  3.93272724  21.54434690
  3.93272724  45.27921484
  3.93272724  95.16219296
  9.17461759 200.00000000
  1.00183845   0.25000000
  1.17591073   0.52541875
  1.57330400   1.10425943
  1.86941819   2.32079442
  1.91789878   4.87755556
  2.05591108  10.25103648
  2.22000137  21.54434690
  3.42720995  45.27921484
  6.15071244  95.16219296
 12.20447837 200.00000000
