  1.00000000   0.25000000
  0.66666667   0.52541875
  0.22222222   1.10425943
  0.11111111   2.32079442
  1.00000000   4.87755556
  0.22222222  10.25103648
  0.22222222  21.54434690
  0.11111111  45.27921484
  0.11111111  95.16219296
  0.11111111 200.00000000
  0.25000000   0.25000000
  0.31885469   0.52541875
  0.46356486   1.10425943
  1.37596610   2.32079442
  1.37596610   4.87755556
  1.37596610  10.25103648
  1.37596610  21.54434690
  7.30968308  45.27921484
  7.30968308  95.16219296
 12.55157344 200.00000000
  1.05714856   0.25000000
  1.23762231   0.52541875
  1.64582441   1.10425943
  1.97237983   2.32079442
  2.03705831   4.87755556
  2.56392178  10.25103648
  3.54211354  21.54434690
  6.45692507  45.27921484
 11.38955476  95.16219296
 24.07562213 200.00000000
