  1.00000000   0.25000000
  0.66666667   0.52541875
  0.22222222   1.10425943
  0.11111111   2.32079442
  0.11111111   4.87755556
  0.22222222  10.25103648
  1.00000000  21.54434690
  0.11111111  45.27921484
  0.11111111  95.16219296
  0.00000000 200.00000000
  0.25000000   0.25000000
  0.31885469   0.52541875
  0.46356486   1.10425943
  1.37596610   2.32079442
  3.93272724   4.87755556
  3.93272724  10.25103648
  3.93272724  21.54434690
  3.93272724  45.27921484
  3.93272724  95.16219296
  9.17461759 200.00000000
  1.01301112   0.25000000
  1.18876546   0.52541875
  1.58899224   1.10425943
  1.89199374   2.32079442
  1.94198084   4.87755556
  2.08640886  10.25103648
  2.29967273  21.54434690
  4.08731340  45.27921484
  6.95058724  95.16219296
 14.23939112 200.00000000
