  1.00000000   0.25000000
  1.00000000   0.52541875
  0.77777778   1.10425943
  0.22222222   2.32079442
  0.11111111   4.87755556
  0.11111111  10.25103648
  0.11111111  21.54434690
  0.11111111  45.27921484
  0.11111111  95.16219296
  0.11111111 200.00000000
  0.25000000   0.25000000
  0.52541875   0.52541875
  0.95954926   1.10425943
  1.26368301   2.32079442
  1.90287329   4.87755556
  3.24624352  10.25103648
  6.06957113  21.54434690
 12.00328811  45.27921484
 24.47403264  95.16219296
 51.23133727 200.00000000
  1.97969305   0.25000000
  2.94588127   0.52541875
  3.74747441   1.10425943
  4.95946348   2.32079442
  7.96801794   4.87755556
 14.17959837  10.25103648
 27.35091506  21.54434690
 54.58628053  45.27921484
112.25181988  95.16219296
235.55585074 200.00000000
