  1.00000000   0.25000000
  1.00000000   0.52541875
  0.88888889   1.10425943
  0.44444444   2.32079442
  0.22222222   4.87755556
  0.11111111  10.25103648
  0.11111111  21.54434690
  0.11111111  45.27921484
  0.11111111  95.16219296
  0.11111111 200.00000000
  0.25000000   0.25000000
  0.52541875   0.52541875
  0.81483909   1.10425943
  1.11897283   2.32079442
  1.11897283   4.87755556
  2.46234307  10.25103648
  5.28567067  21.54434690
  5.28567067  45.27921484
 17.75641520  95.16219296
 27.42500530 200.00000000
  1.62097944   0.25000000
  2.12283450   0.52541875
  2.46074730   1.10425943
  2.92662834   2.32079442
  3.84170715   4.87755556
  6.05496537  10.25103648
 10.63620020  21.54434690
 20.09753130  45.27921484
 39.75111140  95.16219296
 84.72508171 200.00000000
