  1.00000000   0.25000000
  0.66666667   0.52541875
  0.22222222   1.10425943
  0.11111111   2.32079442
  0.00000000   4.87755556
  0.44444444  10.25103648
  0.11111111  21.54434690
  0.11111111  45.27921484
  0.11111111  95.16219296
  0.11111111 200.00000000
  0.25000000   0.25000000
  0.31885469   0.52541875
  0.46356486   1.10425943
  1.37596610   2.32079442
  3.29353695   4.87755556
  3.29353695  10.25103648
  3.29353695  21.54434690
  3.29353695  45.27921484
  3.29353695  95.16219296
 11.15637248 200.00000000
  1.03701379   0.25000000
  1.21647145   0.52541875
  1.62298791   1.10425943
  1.94135346   2.32079442
  1.99796134   4.87755556
  2.20064966  10.25103648
  2.99382428  21.54434690
  5.52786956  45.27921484
  8.89297308  95.16219296
 19.70130518 200.00000000
