  1.00000000   0.25000000
  0.66666667   0.52541875
  0.22222222   1.10425943
  0.11111111   2.32079442
  0.00000000   4.87755556
  0.22222222  10.25103648
  0.22222222  21.54434690
  0.11111111  45.27921484
  0.11111111  95.16219296
  0.11111111 200.00000000
  0.25000000   0.25000000
  0.31885469   0.52541875
  0.46356486   1.10425943
  1.37596610   2.32079442
  3.29353695   4.87755556
  3.29353695  10.25103648
  3.29353695  21.54434690
  3.29353695  45.27921484
 15.76428148  95.16219296
 15.76428148 200.00000000
  1.04851315   0.25000000
  1.22910810   0.52541875
  1.63774868   1.10425943
  1.96256001   2.32079442
  2.02323625   4.87755556
  2.36377388  10.25103648
  3.38211545  21.54434690
  6.09931267  45.27921484
 10.37246227  95.16219296
 22.43001595 200.00000000
