  1.00000000   0.25000000
  1.00000000   0.52541875
  0.22222222   1.10425943
  0.22222222   2.32079442
  0.33333333   4.87755556
  0.22222222  10.25103648
  0.11111111  21.54434690
  0.11111111  45.27921484
  0.11111111  95.16219296
  0.11111111 200.00000000
  0.25000000   0.25000000
  0.52541875   0.52541875
  0.52541875   1.10425943
  1.13368624   2.32079442
  1.13368624   4.87755556
  1.13368624  10.25103648
  3.95701384  21.54434690
  3.95701384  45.27921484
 16.42775837  95.16219296
 16.42775837 200.00000000
  1.19631382   0.25000000
  1.40103177   0.52541875
  1.71348138   1.10425943
  2.05043286   2.32079442
  2.34972141   4.87755556
  3.14508113  10.25103648
  4.77923089  21.54434690
  8.97228856  45.27921484
 15.53708370  95.16219296
 33.96668347 200.00000000
