  1.00000000   0.25000000
  1.00000000   0.52541875
  0.44444444   1.10425943
  0.33333333   2.32079442
  0.33333333   4.87755556
  0.11111111  10.25103648
  0.11111111  21.54434690
  0.11111111  45.27921484
  0.11111111  95.16219296
  0.11111111 200.00000000
  0.25000000   0.25000000
  0.52541875   0.52541875
  0.67012892   1.10425943
  0.97426266   2.32079442
  1.61345295   4.87755556
  1.61345295  10.25103648
  4.43678055  21.54434690
  4.43678055  45.27921484
 16.90752508  95.16219296
 16.90752508 200.00000000
  1.30533139   0.25000000
  1.56801471   0.52541875
  1.83248517   1.10425943
  2.18499969   2.32079442
  2.59517184   4.87755556
  3.68241796  10.25103648
  5.65392306  21.54434690
 10.69025288  45.27921484
 19.19382349  95.16219296
 41.62900891 200.00000000
