  1.00000000   0.25000000
  1.00000000   0.52541875
  1.00000000   1.10425943
  0.44444444   2.32079442
  0.22222222   4.87755556
  0.11111111  10.25103648
  0.11111111  21.54434690
  0.11111111  45.27921484
  0.11111111  95.16219296
  0.11111111 200.00000000
  0.25000000   0.25000000
  0.52541875   0.52541875
  0.81483909   1.10425943
  1.11897283   2.32079442
  1.11897283   4.87755556
  2.46234307  10.25103648
  2.46234307  21.54434690
  8.39606005  45.27921484
  8.39606005  95.16219296
 18.87984076 200.00000000
  1.48712695   0.25000000
  1.87277936   0.52541875
  2.14090789   1.10425943
  2.54839971   2.32079442
  3.19109640   4.87755556
  4.71254572  10.25103648
  7.96029114  21.54434690
 14.80806262  45.27921484
 28.43330152  95.16219296
 59.98547537 200.00000000
