  1.00000000   0.25000000
  1.00000000   0.52541875
  0.22222222   1.10425943
  0.11111111   2.32079442
  0.44444444   4.87755556
  0.22222222  10.25103648
  0.11111111  21.54434690
  0.11111111  45.27921484
  0.11111111  95.16219296
  0.11111111 200.00000000
  0.25000000   0.25000000
  0.38770937   0.52541875
  0.53241954   1.10425943
  1.14068704   2.32079442
  1.14068704   4.87755556
  1.14068704  10.25103648
  3.96401464  21.54434690
  3.96401464  45.27921484
 16.43475917  95.16219296
 16.43475917 200.00000000
  1.10236705   0.25000000
  1.28005967   0.52541875
  1.66285487   1.10425943
  1.98921847   2.32079442
  2.16011905   4.87755556
  2.80319606  10.25103648
  4.05747673  21.54434690
  7.74603143  45.27921484
 12.88298086  95.16219296
 28.31654319 200.00000000
