  1.00000000   0.25000000
  0.66666667   0.52541875
  0.22222222   1.10425943
  0.11111111   2.32079442
  0.11111111   4.87755556
  0.22222222  10.25103648
  0.22222222  21.54434690
  0.11111111  45.27921484
  0.22222222  95.16219296
  0.11111111 200.00000000
  0.25000000   0.25000000
  0.31885469   0.52541875
  0.46356486   1.10425943
  1.37596610   2.32079442
  3.93272724   4.87755556
  3.93272724  10.25103648
  3.93272724  21.54434690
  3.93272724  45.27921484
  3.93272724  95.16219296
 11.79556277 200.00000000
  1.02780519   0.25000000
  1.20583007   0.52541875
  1.60987313   1.10425943
  1.92223739   2.32079442
  1.97428769   4.87755556
  2.13226198  10.25103648
  2.64696413  21.54434690
  5.02057342  45.27921484
  8.01152617  95.16219296
 17.44019856 200.00000000
