  0.62968342   0.00000000   1.00500272   1.00000000
  0.88114519   0.37152187   1.00484713   1.08094344
  0.97156688   0.49216766   1.00500799   1.07003188
  0.99402085   0.52186631   1.00524797   1.06798467
  1.00081299   0.53084521   1.00532525   1.06307749
  1.00137138   0.53171238   1.00519411   1.06339854
  1.00175636   0.53294551   1.00448278   1.05824618
  1.00299026   0.53359276   1.00548073   1.06198222
  1.00787230   0.54085285   1.00473003   1.05096573
  1.00935189   0.54297807   1.00457760   1.04631333
  1.01074315   0.54396351   1.00544716   1.04471977
  1.01184353   0.54598131   1.00489654   1.04053454
  1.05548007   0.54687595   1.00483852   1.03810684
  1.01206529   0.50358310   1.00470079   1.04505114
  1.01954054   0.51047523   1.00529743   1.03015372
  1.01536488   0.50618536   1.00541041   1.03492683
  1.01858423   0.50942932   1.00538931   1.02876968
  1.02025187   0.51114619   1.00529765   1.02695900
  1.02255276   0.51373602   1.00505114   1.02167058
  1.01875063   0.51031768   1.00465606   1.03001932
  1.01942185   0.51101253   1.00464372   1.02589761
  1.02666549   0.51766179   1.00523810   1.01368692
  1.02078734   0.51200192   1.00501982   1.02114560
  1.02016313   0.51124607   1.00515146   1.02453278
  1.02554183   0.51669536   1.00508081   1.01590600
  1.02467357   0.51585801   1.00502491   1.01505383
  1.02967030   0.52082822   1.00505516   1.00969271
  1.02681364   0.51766108   1.00538697   1.01310192
  1.02613970   0.51757818   1.00479592   1.01313786
  1.02936775   0.52023200   1.00535821   1.00722695
  1.02896106   0.52031419   1.00488128   1.00511966
  1.02595645   0.51690468   1.00528617   1.01379439
  1.02964452   0.52134928   1.00452964   1.00743272
  1.03008555   0.52155122   1.00476873   1.00542085
  1.03078259   0.52179876   1.00519880   1.00595062
  1.03308735   0.52415697   1.00511342   1.00102189
  0.99423297   0.52255405   1.00483356   1.00742840
  1.02035514   0.55717337   1.00505329   1.00937558
  1.02611423   0.56526006   1.00464538   1.00942765
  1.03171021   0.57253506   1.00483170   1.00009072
  1.03228997   0.57301062   1.00512915   1.00460910
  1.02969940   0.56963259   1.00505309   1.00957318
  1.02876708   0.56824097   1.00520161   1.00920161
  1.02974176   0.56943916   1.00530300   1.00617705
  0.96174933   0.57083075   1.00506109   1.01053385
  0.55017412   0.62942470   0.68212000   1.00000000
  0.66466405   0.78207793   0.68212000   1.00000000
  0.69354956   0.82059195   0.68212000   1.00000000
  0.70084049   0.83031319   0.68212000   1.00000000
  0.70268929   0.83277825   0.68212000   1.00000000
  0.70312831   0.83336362   0.68212000   1.00000000
  0.70327298   0.83355651   0.68212000   1.00000000
  0.70328829   0.83357692   0.68212000   1.00000000
  0.70327526   0.83355955   0.68212000   1.00000000
  0.70328111   0.83356734   0.68212000   1.00000000
  0.70329440   0.83358506   0.68212000   1.00000000
  0.77214952   0.83358565   0.68212000   1.00000000
  0.72102814   0.76542380   0.68212000   1.00000000
  0.70807638   0.74815479   0.68212000   1.00000000
  0.70478803   0.74377033   0.68212000   1.00000000
  0.69268075   0.74266184   0.68212000   1.00000000
  0.69223735   0.75577665   0.68212000   1.00000000
  0.70077833   0.77285859   0.68212000   1.00000000
  0.76065785   0.78425515   0.68212000   1.00000000
  0.74907650   0.73792976   0.68212000   1.00000000
  0.73984000   0.70098378   0.68212000   1.00000000
  0.73248992   0.67158345   0.68212000   1.00000000
  0.87132208   0.64972132   0.68212000   1.00000000
  0.82295020   0.48056037   0.68212000   1.00000000
  0.77584239   0.35471313   0.68212000   1.00000000
  0.84553015   0.27261895   0.68212000   1.00000000
  0.72854064   0.11412794   0.68212000   1.00000000
  0.69605007   0.07080717   0.68212000   1.00000000
  0.68751593   0.05942832   0.68212000   1.00000000
  0.68529847   0.05647171   0.68212000   1.00000000
  0.68472323   0.05570472   0.68212000   1.00000000
  0.68453816   0.05545796   0.68212000   1.00000000
  0.68451985   0.05543355   0.68212000   1.00000000
  0.68450996   0.05542037   0.68212000   1.00000000
  0.68450522   0.05541405   0.68212000   1.00000000
  0.73746295   0.05541670   0.68212000   1.00000000
