  0.62968342   0.00000000   1.00500272
  0.95246811   0.40159413   1.08618291
  1.11824950   0.56647283   1.15673940
  1.21167165   0.63613415   1.22535706
  1.28307976   0.68056346   1.28886465
  1.34728113   0.71538499   1.35242436
  1.40614758   0.74808613   1.40997460
  1.47004714   0.78206792   1.47369733
  1.52856952   0.82027374   1.52380385
  1.57755996   0.84864404   1.57009800
  1.62493461   0.87451014   1.61642045
  1.66771826   0.89988518   1.65626824
  1.77986093   0.92219945   1.69446385
  1.75224508   0.87188151   1.73949450
  1.79593034   0.89920696   1.77084097
  1.82403834   0.90932976   1.80615577
  1.85912605   0.92981346   1.83504260
  1.88967480   0.94672708   1.86197712
  1.91609574   0.96265683   1.88330059
  1.93955339   0.97157081   1.91271937
  1.96723187   0.98612771   1.93871374
  1.99526219   1.00604434   1.95361936
  2.00542353   1.00587131   1.97444690
  2.02922466   1.01692867   1.99936468
  2.05623579   1.03598651   2.01521096
  2.06992017   1.04207324   2.03022837
  2.08999426   1.05716167   2.04003118
  2.09764913   1.05751546   2.05387717
  2.10975363   1.06414598   2.06587060
  2.12382972   1.07336195   2.07429234
  2.12825854   1.07619535   2.07845296
  2.13619637   1.07627365   2.09315773
  2.15152857   1.08940304   2.09904892
  2.15803407   1.09265226   2.10499521
  2.16562818   1.09627589   2.11187778
  2.17152607   1.10176602   2.11272550
  2.09724062   1.10227845   2.11960156
  2.16190929   1.18052847   2.12948801
  2.18378538   1.20299147   2.13809520
  2.19578841   1.21852613   2.13858288
  2.20178024   1.22217933   2.14384869
  2.20611228   1.22042748   2.15330801
  2.21358111   1.22267469   2.16287569
  2.22203909   1.22877027   2.16930366
  2.08545183   1.23778617   2.17936880
  1.19299446   1.36484097   1.47910517
  1.44125378   1.69585339   1.47910517
  1.50388896   1.77936696   1.47910517
  1.51969858   1.80044645   1.47910517
  1.52370749   1.80579167   1.47910517
  1.52465947   1.80706097   1.47910517
  1.52497318   1.80747925   1.47910517
  1.52500636   1.80752350   1.47910517
  1.52497812   1.80748584   1.47910517
  1.52499079   1.80750273   1.47910517
  1.52501961   1.80754116   1.47910517
  1.67432467   1.80754243   1.47910517
  1.56347335   1.65974066   1.47910517
  1.53538883   1.62229463   1.47910517
  1.52825840   1.61278739   1.47910517
  1.50200504   1.61038376   1.47910517
  1.50104358   1.63882182   1.47910517
  1.51956378   1.67586222   1.47910517
  1.64940619   1.70057445   1.47910517
  1.62429326   1.60012274   1.47910517
  1.60426490   1.52000928   1.47910517
  1.58832702   1.45625778   1.47910517
  1.88936990   1.40885205   1.47910517
  1.78448057   1.04204439   1.47910517
  1.68233228   0.76915795   1.47910517
  1.83344281   0.59114540   1.47910517
  1.57976342   0.24747438   1.47910517
  1.50931104   0.15353787   1.47910517
  1.49080567   0.12886404   1.47910517
  1.48599733   0.12245293   1.47910517
  1.48474999   0.12078980   1.47910517
  1.48434869   0.12025474   1.47910517
  1.48430899   0.12020180   1.47910517
  1.48428755   0.12017322   1.47910517
  1.48427727   0.12015952   1.47910517
  1.59911050   0.12016526   1.47910517
