  0.30373988   0.07157942   0.81428698
  0.30871215   0.18651167   0.62854019
  0.25375050   0.27185827   0.48723345
  0.25006453   0.28302890   0.47356136
  0.22736318   0.30799430   0.42997747
  0.22746278   0.30807232   0.42957484
  0.22748492   0.30818701   0.42928817
  0.22667302   0.30941021   0.42838660
  0.18804780   0.34966278   0.35401618
  0.18783895   0.35036483   0.35311527
  0.18730425   0.35136327   0.35226815
  0.18723814   0.35179617   0.35159813
  0.22054862   0.27568578   0.44444444
  0.22055617   0.27566242   0.44447478
  0.16541330   0.33081882   0.33333859
  0.16541428   0.33081660   0.33334143
  0.16541147   0.33082293   0.33333333
  0.16544305   0.33074891   0.33343108
  0.16541147   0.33082293   0.33333333
  0.16542032   0.33080278   0.33335935
  0.16541147   0.33082293   0.33333333
  0.16541147   0.33082293   0.33333333
  0.16541147   0.33082293   0.33333333
  0.16541147   0.33082293   0.33333333
  0.16541152   0.33082282   0.33333347
  0.16543030   0.33077906   0.33339102
  0.16542769   0.33078539   0.33338246
  0.16541147   0.33082293   0.33333333
  0.16541147   0.33082293   0.33333333
  0.16542086   0.33080160   0.33336085
  0.16541147   0.33082293   0.33333333
  0.16541147   0.33082293   0.33333333
  0.16541147   0.33082293   0.33333333
  0.16541147   0.33082293   0.33333333
  0.16542633   0.33078864   0.33337809
  0.16544802   0.33073502   0.33345164
  0.19068935   0.34246528   0.36233429
  0.18544709   0.35642443   0.34641546
  0.18427578   0.35951544   0.34290879
  0.18293297   0.36272358   0.33950143
  0.18268701   0.36316279   0.33914841
  0.18322215   0.36176413   0.34072580
  0.18361581   0.36105970   0.34129348
  0.21990547   0.32509493   0.40884001
  0.20622411   0.40791839   0.34017498
  0.30945144   0.45191914   0.40658002
  0.30266888   0.49686501   0.37869514
  0.30063502   0.50852737   0.37165985
  0.30009583   0.51149687   0.36988409
  0.29996455   0.51224442   0.36943380
  0.29992651   0.51242879   0.36932687
  0.29991258   0.51249095   0.36929164
  0.29991901   0.51248962   0.36928791
  0.29992050   0.51248379   0.36929108
  0.29991322   0.51249301   0.36928966
  0.29991255   0.51249812   0.36928642
  0.35710545   0.38645068   0.48039743
  0.35791779   0.36859787   0.49284843
  0.35807850   0.36411991   0.49600293
  0.35811423   0.36298807   0.49680383
  0.42334187   0.30875923   0.57884280
  0.53407436   0.21158494   0.71683288
  0.62139703   0.13280324   0.82482366
  0.70571731   0.00000000   1.00000000
  0.67097326   0.00000000   1.00000000
  0.64326378   0.00000000   1.00000000
  0.62121353   0.00000000   1.00000000
  0.46051924   0.00000000   1.00000000
  0.33973017   0.00000000   1.00000000
  0.26099073   0.00000000   1.00000000
  0.10920881   0.00000000   1.00000000
  0.06770730   0.00000000   1.00000000
  0.05687711   0.00000000   1.00000000
  0.05403239   0.00000000   1.00000000
  0.05329324   0.00000000   1.00000000
  0.05310149   0.00000000   1.00000000
  0.05303980   0.00000000   1.00000000
  0.05303370   0.00000000   1.00000000
  0.05303041   0.00000000   1.00000000
  0.05302883   0.00000000   1.00000000
  0.00000000   0.00007375   0.00000000
