  1.00000000   0.25000000
  1.00000000   0.52541875
  0.55555556   1.10425943
  0.00000000   2.32079442
  0.00000000   4.87755556
  0.22222222  10.25103648
  1.00000000  21.54434690
  0.33333333  45.27921484
  0.22222222  95.16219296
  0.22222222 200.00000000
  0.24975000   0.25000000
  0.38745937   0.52541875
  0.67687972   1.10425943
  1.58928095   2.32079442
  4.14604210   4.87755556
  4.14604210  10.25103648
  4.14604210  21.54434690
  4.14604210  45.27921484
  4.14604210  95.16219296
 14.62982280 200.00000000
  1.71708276   0.25000000
  1.86908826   0.52541875
  2.05079574   1.10425943
  2.16102135   2.32079442
  2.21864529   4.87755556
  2.32611328  10.25103648
  2.47927662  21.54434690
  3.64581690  45.27921484
  6.82001015  95.16219296
 11.28853784 200.00000000
