  1.00000000   0.25000000
  1.00000000   0.52541875
  0.55555556   1.10425943
  0.00000000   2.32079442
  0.00000000   4.87755556
  0.11111111  10.25103648
  0.11111111  21.54434690
  0.55555556  45.27921484
  1.00000000  95.16219296
  0.22222222 200.00000000
  0.24975000   0.25000000
  0.38745937   0.52541875
  0.67687972   1.10425943
  1.58928095   2.32079442
  4.14604210   4.87755556
  4.14604210  10.25103648
 15.43935251  21.54434690
 15.43935251  45.27921484
 15.43935251  95.16219296
 15.43935251 200.00000000
  1.73064023   0.25000000
  1.88385301   0.52541875
  2.06993726   1.10425943
  2.18609195   2.32079442
  2.24484443   4.87755556
  2.34017062  10.25103648
  2.38279367  21.54434690
  2.47809080  45.27921484
  2.62645510  95.16219296
  3.17365132 200.00000000
