  1.00000000   0.25000000
  1.00000000   0.52541875
  0.44444444   1.10425943
  0.44444444   2.32079442
  0.44444444   4.87755556
  0.22222222  10.25103648
  0.22222222  21.54434690
  0.55555556  45.27921484
  1.00000000  95.16219296
  0.33333333 200.00000000
  0.24975000   0.25000000
  0.31860469   0.52541875
  0.60802503   1.10425943
  1.82456002   2.32079442
  4.38132116   4.87755556
  4.38132116  10.25103648
 15.67463157  21.54434690
 15.67463157  45.27921484
 15.67463157  95.16219296
 15.67463157 200.00000000
  1.64649246   0.25000000
  1.79291726   0.52541875
  1.96701803   1.10425943
  2.07203121   2.32079442
  2.11775002   4.87755556
  2.20274447  10.25103648
  2.23911809  21.54434690
  2.32572043  45.27921484
  2.45929809  95.16219296
  3.13442673 200.00000000
