  1.00000000   0.25000000
  1.00000000   0.52541875
  0.66666667   1.10425943
  0.00000000   2.32079442
  0.00000000   4.87755556
  0.55555556  10.25103648
  1.00000000  21.54434690
  0.33333333  45.27921484
  0.22222222  95.16219296
  0.11111111 200.00000000
  0.24975000   0.25000000
  0.38745937   0.52541875
  0.67687972   1.10425943
  1.58928095   2.32079442
  4.14604210   4.87755556
  4.14604210  10.25103648
  4.14604210  21.54434690
  4.14604210  45.27921484
  4.14604210  95.16219296
 12.00887763 200.00000000
  1.86435797   0.25000000
  2.03258153   0.52541875
  2.23727716   1.10425943
  2.37363086   2.32079442
  2.44110666   4.87755556
  2.61403712  10.25103648
  2.91922409  21.54434690
  4.35813930  45.27921484
  8.07694866  95.16219296
 15.07564274 200.00000000
