  1.00000000   0.25000000
  1.00000000   0.52541875
  0.77777778   1.10425943
  0.11111111   2.32079442
  0.11111111   4.87755556
  0.33333333  10.25103648
  1.00000000  21.54434690
  1.00000000  45.27921484
  1.00000000  95.16219296
  0.11111111 200.00000000
  0.24975000   0.25000000
  0.38745937   0.52541875
  0.67687972   1.10425943
  1.58928095   2.32079442
  4.14604210   4.87755556
  4.14604210  10.25103648
  6.96936970  21.54434690
  6.96936970  45.27921484
  6.96936970  95.16219296
 17.45315041 200.00000000
  2.14085958   0.25000000
  2.32842915   0.52541875
  2.55918548   1.10425943
  2.73042666   2.32079442
  2.81583786   4.87755556
  2.97984306  10.25103648
  3.11039018  21.54434690
  3.35361845  45.27921484
  3.68690426  95.16219296
  4.18832148 200.00000000
