  1.00000000   0.25000000
  1.00000000   0.52541875
  0.66666667   1.10425943
  0.00000000   2.32079442
  0.00000000   4.87755556
  0.22222222  10.25103648
  0.00000000  21.54434690
  1.00000000  45.27921484
  1.00000000  95.16219296
  0.33333333 200.00000000
  0.24975000   0.25000000
  0.38745937   0.52541875
  0.67687972   1.10425943
  1.58928095   2.32079442
  4.14604210   4.87755556
  4.14604210  10.25103648
 12.61602491  21.54434690
 12.61602491  45.27921484
 12.61602491  95.16219296
 12.61602491 200.00000000
  1.88240278   0.25000000
  2.04773641   0.52541875
  2.24975907   1.10425943
  2.38558224   2.32079442
  2.45363062   4.87755556
  2.57428634  10.25103648
  2.63247799  21.54434690
  2.76721886  45.27921484
  2.98120551  95.16219296
  3.44308558 200.00000000
