  1.00000000   0.25000000
  1.00000000   0.52541875
  0.33333333   1.10425943
  0.33333333   2.32079442
  0.33333333   4.87755556
  0.11111111  10.25103648
  0.11111111  21.54434690
  0.33333333  45.27921484
  1.00000000  95.16219296
  0.22222222 200.00000000
  0.24975000   0.25000000
  0.31860469   0.52541875
  0.60802503   1.10425943
  1.82456002   2.32079442
  4.38132116   4.87755556
  4.38132116  10.25103648
 15.67463157  21.54434690
 15.67463157  45.27921484
 15.67463157  95.16219296
 15.67463157 200.00000000
  1.51936874   0.25000000
  1.65858953   0.52541875
  1.81628337   1.10425943
  1.90801996   2.32079442
  1.94782884   4.87755556
  2.01609961  10.25103648
  2.04745829  21.54434690
  2.11474346  45.27921484
  2.31788512  95.16219296
  4.43998662 200.00000000
