  1.00000000   0.25000000
  1.00000000   0.52541875
  1.00000000   1.10425943
  1.00000000   2.32079442
  0.66666667   4.87755556
  0.33333333  10.25103648
  0.33333333  21.54434690
  0.22222222  45.27921484
  0.22222222  95.16219296
  0.22222222 200.00000000
  0.25000000   0.25000000
  0.52541875   0.52541875
  0.95954926   1.10425943
  1.26368301   2.32079442
  1.26368301   4.87755556
  2.60705324  10.25103648
  2.60705324  21.54434690
  8.54077022  45.27921484
  8.54077022  95.16219296
 19.02455093 200.00000000
  6.44796080   0.25000000
  7.58063172   0.52541875
  8.56441862   1.10425943
  9.69563005   2.32079442
 12.47220483   4.87755556
 18.91122358  10.25103648
 32.47274802  21.54434690
 61.01204724  45.27921484
119.58426027  95.16219296
249.12835016 200.00000000
