  1.00000000   0.25000000
  1.00000000   0.52541875
  0.33333333   1.10425943
  0.33333333   2.32079442
  0.33333333   4.87755556
  0.22222222  10.25103648
  1.00000000  21.54434690
  0.33333333  45.27921484
  0.22222222  95.16219296
  0.22222222 200.00000000
  0.24975000   0.25000000
  0.31860469   0.52541875
  0.60802503   1.10425943
  1.82456002   2.32079442
  4.38132116   4.87755556
  4.38132116  10.25103648
  4.38132116  21.54434690
  4.38132116  45.27921484
  4.38132116  95.16219296
 14.86510186 200.00000000
  1.64506647   0.25000000
  1.79192326   0.52541875
  1.96357571   1.10425943
  2.06827737   2.32079442
  2.11385721   4.87755556
  2.21643446  10.25103648
  2.29078941  21.54434690
  3.28915000  45.27921484
  6.21896414  95.16219296
  9.82379937 200.00000000
