  1.00000000   0.25000000
  1.00000000   0.52541875
  0.44444444   1.10425943
  0.44444444   2.32079442
  0.44444444   4.87755556
  0.11111111  10.25103648
  0.11111111  21.54434690
  0.44444444  45.27921484
  1.00000000  95.16219296
  0.33333333 200.00000000
  0.24975000   0.25000000
  0.31860469   0.52541875
  0.60802503   1.10425943
  1.82456002   2.32079442
  4.38132116   4.87755556
  4.38132116  10.25103648
 15.67463157  21.54434690
 15.67463157  45.27921484
 15.67463157  95.16219296
 15.67463157 200.00000000
  1.62436607   0.25000000
  1.76951403   0.52541875
  1.94077406   1.10425943
  2.04342202   2.32079442
  2.08808602   4.87755556
  2.16991090  10.25103648
  2.20538053  21.54434690
  2.28864962  45.27921484
  2.41611959  95.16219296
  3.15559509 200.00000000
