  0.62848917   0.00000000   1.00518139   1.00000000
  0.93151213   0.40422581   1.00498619   1.01268992
  1.00781574   0.50584796   1.00510219   1.01401557
  1.02615942   0.53053733   1.00487105   1.01512955
  1.06655103   0.53878996   1.00507828   1.01119261
  1.01799441   0.50931089   1.00490347   1.00989948
  1.03565638   0.52708595   1.00480484   1.00939129
  1.03891047   0.53023290   1.00491134   1.00740710
  1.04030617   0.53142218   1.00510909   1.00787301
  1.04016428   0.53136049   1.00503220   1.00717729
  1.04022646   0.53126977   1.00518642   1.00719523
  1.03965743   0.53087506   1.00501337   1.00807633
  1.04133383   0.53244671   1.00511328   1.00895888
  1.04301898   0.53420432   1.00504333   1.00500242
  1.04239178   0.53363603   1.00498734   1.00664796
  1.00343909   0.53457672   1.00509411   1.00437521
  1.02922862   0.56919488   1.00486293   1.00756755
  0.96763959   0.57853681   1.00520350   1.00905524
  0.55978408   0.64223468   0.68212000   1.00000000
  0.68075784   0.80353632   0.68212000   1.00000000
  0.71073756   0.84350928   0.68212000   1.00000000
  0.71910600   0.85466720   0.68212000   1.00000000
  0.72119330   0.85745026   0.68212000   1.00000000
  0.72171569   0.85814679   0.68212000   1.00000000
  0.75817086   0.85964046   0.68212000   1.00000000
  0.76222465   0.82035249   0.68212000   1.00000000
  0.64242104   0.77985179   0.68212000   1.00000000
  0.75374831   0.86479696   0.68212000   1.00000000
  0.73271622   0.83673438   0.68212000   1.00000000
  0.72908601   0.82947395   0.68212000   1.00000000
  0.77096293   0.82547548   0.68212000   1.00000000
  0.75890701   0.77725179   0.68212000   1.00000000
  0.74938071   0.73914661   0.68212000   1.00000000
  0.88642647   0.70863199   0.68212000   1.00000000
  0.84016789   0.53250732   0.68212000   1.00000000
  0.79375379   0.39501341   0.68212000   1.00000000
  0.75211063   0.29907907   0.68212000   1.00000000
  0.82394992   0.24179311   0.68212000   1.00000000
  0.72203835   0.10546211   0.68212000   1.00000000
  0.69480686   0.06914956   0.68212000   1.00000000
  0.68761893   0.05956566   0.68212000   1.00000000
  0.68572446   0.05703970   0.68212000   1.00000000
  0.68522581   0.05637483   0.68212000   1.00000000
  0.68509344   0.05619833   0.68212000   1.00000000
  0.68505581   0.05614816   0.68212000   1.00000000
  0.68504935   0.05613955   0.68212000   1.00000000
  0.68504686   0.05613623   0.68212000   1.00000000
  0.68504521   0.05613403   0.68212000   1.00000000
  0.68504913   0.05613925   0.68212000   1.00000000
  0.68504951   0.05613977   0.68212000   1.00000000
  0.68504990   0.05614028   0.68212000   1.00000000
  0.68504864   0.05613861   0.68212000   1.00000000
  0.68504704   0.05613648   0.68212000   1.00000000
  0.73817846   0.05613229   0.68212000   1.00000000
