  0.62848917   0.00000000   1.00518139
  0.94333294   0.40935540   1.01773937
  1.03472995   0.51935688   1.03194394
  1.06908884   0.55273239   1.04690987
  1.12310772   0.56736073   1.05837522
  1.08205387   0.54136036   1.06813915
  1.11055341   0.56520397   1.07747073
  1.12173814   0.57250599   1.08502841
  1.13143546   0.57797398   1.09315516
  1.13874670   0.58172062   1.10028495
  1.14629944   0.58544390   1.10768633
  1.15406900   0.58929646   1.11561246
  1.16525907   0.59581120   1.12472805
  1.17236239   0.60045029   1.12967743
  1.17858719   0.60335912   1.13629562
  1.13893533   0.60676161   1.14081383
  1.17599601   0.65036173   1.14815578
  1.11438662   0.66627461   1.15764728
  0.64467794   0.73963255   0.78556666
  0.78399792   0.92539633   0.78556666
  0.81852421   0.97143138   0.78556666
  0.82816176   0.98428145   0.78556666
  0.83056561   0.98748657   0.78556666
  0.83116722   0.98828873   0.78556666
  0.87315099   0.99000892   0.78556666
  0.87781956   0.94476275   0.78556666
  0.73984717   0.89811993   0.78556666
  0.86805774   0.99594743   0.78556666
  0.84383604   0.96362904   0.78556666
  0.83965528   0.95526753   0.78556666
  0.88788304   0.95066267   0.78556666
  0.87399878   0.89512563   0.78556666
  0.86302777   0.85124163   0.78556666
  1.02085716   0.81609932   0.78556666
  0.96758325   0.61326452   0.78556666
  0.91413024   0.45491903   0.78556666
  0.86617170   0.34443580   0.78556666
  0.94890574   0.27846216   0.78556666
  0.83153882   0.12145592   0.78556666
  0.80017754   0.07963641   0.78556666
  0.79189953   0.06859906   0.78556666
  0.78971775   0.06569003   0.78556666
  0.78914348   0.06492433   0.78556666
  0.78899104   0.06472107   0.78556666
  0.78894770   0.06466329   0.78556666
  0.78894026   0.06465337   0.78556666
  0.78893739   0.06464954   0.78556666
  0.78893550   0.06464702   0.78556666
  0.78894001   0.06465303   0.78556666
  0.78894045   0.06465363   0.78556666
  0.78894089   0.06465422   0.78556666
  0.78893945   0.06465229   0.78556666
  0.78893761   0.06464983   0.78556666
  0.85012665   0.06464501   0.78556666
