  0.37305915   0.00363307   0.99153183
  0.35416034   0.12353953   0.74917663
  0.33084000   0.17229442   0.66568799
  0.32462661   0.18462236   0.64559264
  0.37124672   0.10607049   0.77777778
  0.33082102   0.16539892   0.66668331
  0.38596009   0.11027431   0.77777778
  0.38595984   0.11027394   0.77777826
  0.38595626   0.11026884   0.77778492
  0.38595764   0.11027078   0.77778237
  0.38595815   0.11027157   0.77778137
  0.44109483   0.05513616   0.88889020
  0.44109141   0.05513475   0.88889205
  0.44109319   0.05513548   0.88889109
  0.44109526   0.05513633   0.88888997
  0.33988100   0.19635074   0.64208616
  0.37779652   0.16703267   0.69963983
  0.42351943   0.19258130   0.69344605
  0.68726938   0.07730122   0.89948675
  0.66389713   0.14100135   0.82582732
  0.68880398   0.12608774   0.84605828
  0.68781467   0.12986654   0.84198188
  0.68755482   0.13082215   0.84096513
  0.72027372   0.09827738   0.88053300
  0.62519935   0.15839025   0.80020622
  0.71314562   0.02710222   0.96362957
  0.81955075   0.00000000   1.00000000
  0.79316865   0.00000000   1.00000000
  0.78613816   0.00000000   1.00000000
  0.78250795   0.00000000   1.00000000
  0.73663255   0.00000000   1.00000000
  0.70046478   0.00000000   1.00000000
  0.67188590   0.00000000   1.00000000
  0.50432552   0.00000000   1.00000000
  0.37445943   0.00000000   1.00000000
  0.28337962   0.00000000   1.00000000
  0.22908844   0.00000000   1.00000000
  0.09996320   0.00000000   1.00000000
  0.06554376   0.00000000   1.00000000
  0.05646270   0.00000000   1.00000000
  0.05406673   0.00000000   1.00000000
  0.05343524   0.00000000   1.00000000
  0.05326902   0.00000000   1.00000000
  0.05322490   0.00000000   1.00000000
  0.05321235   0.00000000   1.00000000
  0.05321020   0.00000000   1.00000000
  0.05320937   0.00000000   1.00000000
  0.05320882   0.00000000   1.00000000
  0.05321013   0.00000000   1.00000000
  0.05321026   0.00000000   1.00000000
  0.05321038   0.00000000   1.00000000
  0.05320997   0.00000000   1.00000000
  0.05320943   0.00000000   1.00000000
  0.00000000   0.00007383   0.00000000
