  1.00000000   0.25000000
  1.00000000   0.52541875
  0.66666667   1.10425943
  0.66666667   2.32079442
  0.66666667   4.87755556
  0.44444444  10.25103648
  1.00000000  21.54434690
  0.55555556  45.27921484
  0.44444444  95.16219296
  0.33333333 200.00000000
  0.24975000   0.25000000
  0.31860469   0.52541875
  0.60802503   1.10425943
  1.82456002   2.32079442
  4.38132116   4.87755556
  4.38132116  10.25103648
  4.38132116  21.54434690
  4.38132116  45.27921484
  4.38132116  95.16219296
 14.86510186 200.00000000
  2.37058029   0.25000000
  2.50831552   0.52541875
  2.65283100   1.10425943
  2.74235450   2.32079442
  2.79065477   4.87755556
  2.88358602  10.25103648
  3.00017183  21.54434690
  4.91811172  45.27921484
  9.89696076  95.16219296
 14.33170514 200.00000000
