  1.00000000   0.25000000
  1.00000000   0.52541875
  0.88888889   1.10425943
  0.88888889   2.32079442
  0.88888889   4.87755556
  0.77777778  10.25103648
  1.00000000  21.54434690
  0.55555556  45.27921484
  0.66666667  95.16219296
  0.22222222 200.00000000
  0.24975000   0.25000000
  0.31860469   0.52541875
  0.60802503   1.10425943
  1.82456002   2.32079442
  4.38132116   4.87755556
  4.38132116  10.25103648
  4.38132116  21.54434690
  4.38132116  45.27921484
  4.38132116  95.16219296
 12.24415669 200.00000000
  2.80773704   0.25000000
  2.95864495   0.52541875
  3.12856153   1.10425943
  3.24207186   2.32079442
  3.30347781   4.87755556
  3.43527234  10.25103648
  3.90710107  21.54434690
  6.89705373  45.27921484
 12.32325515  95.16219296
 19.76619663 200.00000000
