  1.00000000   0.25000000
  1.00000000   0.52541875
  1.00000000   1.10425943
  0.55555556   2.32079442
  1.00000000   4.87755556
  1.00000000  10.25103648
  1.00000000  21.54434690
  0.77777778  45.27921484
  0.77777778  95.16219296
  0.11111111 200.00000000
  0.25000000   0.25000000
  0.25000000   0.52541875
  0.39471017   1.10425943
  1.30711141   2.32079442
  1.30711141   4.87755556
  1.30711141  10.25103648
  1.30711141  21.54434690
  1.30711141  45.27921484
  1.30711141  95.16219296
  6.54900176 200.00000000
  3.83491172   0.25000000
  4.07426219   0.52541875
  4.53159674   1.10425943
  4.88144815   2.32079442
  5.05164623   4.87755556
  6.35202913  10.25103648
  8.47573168  21.54434690
 11.84670443  45.27921484
 18.35515594  95.16219296
 44.73000873 200.00000000
