  1.00000000   0.25000000
  1.00000000   0.52541875
  1.00000000   1.10425943
  1.00000000   2.32079442
  1.00000000   4.87755556
  0.88888889  10.25103648
  0.66666667  21.54434690
  0.55555556  45.27921484
  0.55555556  95.16219296
  0.44444444 200.00000000
  0.25000000   0.25000000
  0.52541875   0.52541875
  0.95954926   1.10425943
  1.26368301   2.32079442
  1.26368301   4.87755556
  1.26368301  10.25103648
  4.08701061  21.54434690
  4.08701061  45.27921484
 16.55775514  95.16219296
 21.06104716 200.00000000
 30.05856317   0.25000000
 33.26146925   0.52541875
 36.27883677   1.10425943
 39.42986758   2.32079442
 49.64488853   4.87755556
 72.11424984  10.25103648
120.64191791  21.54434690
222.52352259  45.27921484
422.73379284  95.16219296
906.70187744 200.00000000
