  1.00000000   0.25000000
  1.00000000   0.52541875
  1.00000000   1.10425943
  1.00000000   2.32079442
  1.00000000   4.87755556
  0.88888889  10.25103648
  0.88888889  21.54434690
  0.55555556  45.27921484
  0.55555556  95.16219296
  0.22222222 200.00000000
  0.25000000   0.25000000
  0.52541875   0.52541875
  0.95954926   1.10425943
  0.95954926   2.32079442
  0.95954926   4.87755556
  0.95954926  10.25103648
  3.78287686  21.54434690
  3.78287686  45.27921484
  3.78287686  95.16219296
 14.26665757 200.00000000
 12.98846907   0.25000000
 13.93306874   0.52541875
 14.79005942   1.10425943
 15.87228837   2.32079442
 18.65877020   4.87755556
 25.10161573  10.25103648
 36.94605945  21.54434690
 66.89868280  45.27921484
120.96296948  95.16219296
254.96125286 200.00000000
