  1.00000000   0.25000000
  1.00000000   0.52541875
  1.00000000   1.10425943
  1.00000000   2.32079442
  1.00000000   4.87755556
  1.00000000  10.25103648
  0.88888889  21.54434690
  0.55555556  45.27921484
  0.66666667  95.16219296
  0.22222222 200.00000000
  0.25000000   0.25000000
  0.52541875   0.52541875
  0.81483909   1.10425943
  1.11897283   2.32079442
  1.11897283   4.87755556
  1.11897283  10.25103648
  3.94230044  21.54434690
  3.94230044  45.27921484
  3.94230044  95.16219296
 11.80513597 200.00000000
 11.62605321   0.25000000
 12.43044097   0.52541875
 13.15915675   1.10425943
 14.14379093   2.32079442
 16.54147471   4.87755556
 22.04230404  10.25103648
 31.90181613  21.54434690
 57.78953818  45.27921484
103.60177919  95.16219296
217.52113677 200.00000000
