  1.00000000   0.25000000
  1.00000000   0.52541875
  1.00000000   1.10425943
  1.00000000   2.32079442
  1.00000000   4.87755556
  1.00000000  10.25103648
  1.00000000  21.54434690
  0.55555556  45.27921484
  0.55555556  95.16219296
  0.22222222 200.00000000
  0.25000000   0.25000000
  0.52541875   0.52541875
  0.81483909   1.10425943
  1.11897283   2.32079442
  1.11897283   4.87755556
  1.11897283  10.25103648
  1.11897283  21.54434690
  7.05268982  45.27921484
  7.05268982  95.16219296
 12.29458017 200.00000000
  9.46706469   0.25000000
 10.06441584   0.52541875
 10.62373009   1.10425943
 11.45152557   2.32079442
 13.30023982   4.87755556
 17.45483076  10.25103648
 24.53876002  21.54434690
 41.46584198  45.27921484
 80.33430211  95.16219296
163.62959773 200.00000000
