  1.00000000   0.25000000
  1.00000000   0.52541875
  1.00000000   1.10425943
  1.00000000   2.32079442
  0.55555556   4.87755556
  0.55555556  10.25103648
  0.44444444  21.54434690
  0.44444444  45.27921484
  0.44444444  95.16219296
  0.44444444 200.00000000
  0.25000000   0.25000000
  0.52541875   0.52541875
  0.95954926   1.10425943
  1.56781675   2.32079442
  2.84619732   4.87755556
  5.53293779  10.25103648
 11.17959299  21.54434690
 23.04702697  45.27921484
 47.98851602  95.16219296
100.71937362 200.00000000
744.98605082   0.25000000
1144.55766924   0.52541875
1714.80511941   1.10425943
2818.09687398   2.32079442
5289.52922428   4.87755556
10378.96641333  10.25103648
21127.44821269  21.54434690
43686.49124165  45.27921484
91117.78565734  95.16219296
190797.08443309 200.00000000
