  1.00000000   0.25000000
  1.00000000   0.52541875
  1.00000000   1.10425943
  0.00000000   2.32079442
  0.00000000   4.87755556
  0.22222222  10.25103648
  0.22222222  21.54434690
  1.00000000  45.27921484
  0.33333333  95.16219296
  0.44444444 200.00000000
  0.19981250   0.25000000
  0.26866719   0.52541875
  0.70279770   1.10425943
  1.61519894   2.32079442
  4.17196008   4.87755556
  4.17196008  10.25103648
 15.46527050  21.54434690
 15.46527050  45.27921484
 15.46527050  95.16219296
 19.68073821 200.00000000
  2.21794000   0.25000000
  2.34952128   0.52541875
  2.48592594   1.10425943
  2.56826854   2.32079442
  2.61779453   4.87755556
  2.69645821  10.25103648
  2.74183884  21.54434690
  2.99907861  45.27921484
  6.94898928  95.16219296
 12.37839059 200.00000000
