  1.00000000   0.25000000
  1.00000000   0.52541875
  1.00000000   1.10425943
  1.00000000   2.32079442
  1.00000000   4.87755556
  1.00000000  10.25103648
  1.00000000  21.54434690
  0.66666667  45.27921484
  0.55555556  95.16219296
  0.22222222 200.00000000
  0.25000000   0.25000000
  0.31885469   0.52541875
  0.46356486   1.10425943
  1.07183235   2.32079442
  1.07183235   4.87755556
  1.07183235  10.25103648
  1.07183235  21.54434690
  1.07183235  45.27921484
 13.54257688  95.16219296
 13.54257688 200.00000000
  4.88849334   0.25000000
  5.14973161   0.52541875
  5.67208341   1.10425943
  6.12217514   2.32079442
  6.82907709   4.87755556
  8.69940779  10.25103648
 11.54495136  21.54434690
 17.24969815  45.27921484
 29.73187950  95.16219296
 68.21322531 200.00000000
