  1.00000000   0.25000000
  1.00000000   0.52541875
  1.00000000   1.10425943
  1.00000000   2.32079442
  1.00000000   4.87755556
  1.00000000  10.25103648
  1.00000000  21.54434690
  0.66666667  45.27921484
  0.44444444  95.16219296
  0.22222222 200.00000000
  0.25000000   0.25000000
  0.52541875   0.52541875
  0.67012892   1.10425943
  0.97426266   2.32079442
  0.97426266   4.87755556
  0.97426266  10.25103648
  3.79759027  21.54434690
  3.79759027  45.27921484
  3.79759027  95.16219296
 11.66042579 200.00000000
  7.18728163   0.25000000
  7.58828656   0.52541875
  8.02988957   1.10425943
  8.71088739   2.32079442
 10.04203169   4.87755556
 12.90133601  10.25103648
 17.69879498  21.54434690
 28.98729855  45.27921484
 56.24977511  95.16219296
114.31386615 200.00000000
