  1.00000000   0.25000000
  1.00000000   0.52541875
  1.00000000   1.10425943
  1.00000000   2.32079442
  1.00000000   4.87755556
  1.00000000  10.25103648
  1.00000000  21.54434690
  0.66666667  45.27921484
  0.44444444  95.16219296
  0.22222222 200.00000000
  0.25000000   0.25000000
  0.52541875   0.52541875
  0.67012892   1.10425943
  0.97426266   2.32079442
  0.97426266   4.87755556
  0.97426266  10.25103648
  3.79759027  21.54434690
  3.79759027  45.27921484
  3.79759027  95.16219296
 11.66042579 200.00000000
  6.60509951   0.25000000
  6.96002197   0.52541875
  7.39445821   1.10425943
  8.03239907   2.32079442
  9.23657887   4.87755556
 11.79517895  10.25103648
 16.04617658  21.54434690
 26.31185519  45.27921484
 50.59152392  95.16219296
102.66201379 200.00000000
