  1.00000000   0.25000000
  1.00000000   0.52541875
  1.00000000   1.10425943
  1.00000000   2.32079442
  0.77777778   4.87755556
  0.66666667  10.25103648
  0.55555556  21.54434690
  0.55555556  45.27921484
  0.44444444  95.16219296
  0.44444444 200.00000000
  0.25000000   0.25000000
  0.52541875   0.52541875
  0.95954926   1.10425943
  0.95954926   2.32079442
  1.59873954   4.87755556
  2.94210978  10.25103648
  5.76543738  21.54434690
 11.69915437  45.27921484
 24.16989889  95.16219296
 43.98592305 200.00000000
137.50634147   0.25000000
167.66736558   0.52541875
199.54944808   1.10425943
245.25375333   2.32079442
374.93352480   4.87755556
645.66054498  10.25103648
1206.82574524  21.54434690
2393.27037720  45.27921484
4863.53512652  95.16219296
10149.73702892 200.00000000
