  1.00000000   0.25000000
  1.00000000   0.52541875
  1.00000000   1.10425943
  1.00000000   2.32079442
  1.00000000   4.87755556
  1.00000000  10.25103648
  1.00000000  21.54434690
  0.66666667  45.27921484
  0.44444444  95.16219296
  0.22222222 200.00000000
  0.25000000   0.25000000
  0.52541875   0.52541875
  0.67012892   1.10425943
  0.97426266   2.32079442
  0.97426266   4.87755556
  0.97426266  10.25103648
  3.79759027  21.54434690
  3.79759027  45.27921484
  3.79759027  95.16219296
 11.66042579 200.00000000
  7.84872421   0.25000000
  8.30416218   0.52541875
  8.76575943   1.10425943
  9.49249827   2.32079442
 10.96804075   4.87755556
 14.19154582  10.25103648
 19.61075586  21.54434690
 32.08235258  45.27921484
 62.99304328  95.16219296
127.98577638 200.00000000
