  1.00000000   0.25000000
  1.00000000   0.52541875
  1.00000000   1.10425943
  0.00000000   2.32079442
  0.00000000   4.87755556
  0.22222222  10.25103648
  0.22222222  21.54434690
  1.00000000  45.27921484
  0.44444444  95.16219296
  0.44444444 200.00000000
  0.19981250   0.25000000
  0.26866719   0.52541875
  0.70279770   1.10425943
  1.61519894   2.32079442
  4.17196008   4.87755556
  4.17196008  10.25103648
 15.46527050  21.54434690
 15.46527050  45.27921484
 15.46527050  95.16219296
 19.68073821 200.00000000
  2.24783767   0.25000000
  2.38035899   0.52541875
  2.51871673   1.10425943
  2.60235182   2.32079442
  2.65282333   4.87755556
  2.73360775  10.25103648
  2.77988744  21.54434690
  3.42979190  45.27921484
  8.21320249  95.16219296
 12.80242674 200.00000000
