  1.00000000   0.25000000
  1.00000000   0.52541875
  1.00000000   1.10425943
  0.00000000   2.32079442
  0.00000000   4.87755556
  0.22222222  10.25103648
  0.22222222  21.54434690
  1.00000000  45.27921484
  0.33333333  95.16219296
  0.33333333 200.00000000
  0.19981250   0.25000000
  0.26866719   0.52541875
  0.70279770   1.10425943
  1.61519894   2.32079442
  4.17196008   4.87755556
  4.17196008  10.25103648
 15.46527050  21.54434690
 15.46527050  45.27921484
 15.46527050  95.16219296
 15.46527050 200.00000000
  2.19317721   0.25000000
  2.32392985   0.52541875
  2.45869621   1.10425943
  2.53993601   2.32079442
  2.58868016   4.87755556
  2.66450965  10.25103648
  2.70912139  21.54434690
  2.81373414  45.27921484
  5.82974049  95.16219296
 11.82893891 200.00000000
