  1.00000000   0.25000000
  1.00000000   0.52541875
  1.00000000   1.10425943
  1.00000000   2.32079442
  0.88888889   4.87755556
  0.66666667  10.25103648
  0.55555556  21.54434690
  0.55555556  45.27921484
  0.44444444  95.16219296
  0.44444444 200.00000000
  0.25000000   0.25000000
  0.52541875   0.52541875
  0.95954926   1.10425943
  0.95954926   2.32079442
  1.59873954   4.87755556
  2.94210978  10.25103648
  5.76543738  21.54434690
 11.69915437  45.27921484
 24.16989889  95.16219296
 37.38058167 200.00000000
 96.88607284   0.25000000
114.79905113   0.52541875
133.07828574   1.10425943
157.16051401   2.32079442
228.70766805   4.87755556
380.94559512  10.25103648
692.58053033  21.54434690
1349.42846595  45.27921484
2723.76712887  95.16219296
5746.44148873 200.00000000
