  1.00000000   0.25000000
  1.00000000   0.52541875
  1.00000000   1.10425943
  0.44444444   2.32079442
  0.44444444   4.87755556
  1.00000000  10.25103648
  0.77777778  21.54434690
  1.00000000  45.27921484
  0.66666667  95.16219296
  0.11111111 200.00000000
  0.25000000   0.25000000
  0.25000000   0.52541875
  0.39471017   1.10425943
  1.30711141   2.32079442
  3.86387255   4.87755556
  3.86387255  10.25103648
  3.86387255  21.54434690
  3.86387255  45.27921484
  3.86387255  95.16219296
  6.48481773 200.00000000
  3.56814187   0.25000000
  3.79948385   0.52541875
  4.23452402   1.10425943
  4.55298883   2.32079442
  4.69066543   4.87755556
  5.11821473  10.25103648
  7.26054641  21.54434690
 10.82423150  45.27921484
 16.73368649  95.16219296
 38.67061248 200.00000000
