  1.00000000   0.25000000
  1.00000000   0.52541875
  0.77777778   1.10425943
  0.77777778   2.32079442
  0.77777778   4.87755556
  0.66666667  10.25103648
  1.00000000  21.54434690
  0.55555556  45.27921484
  0.55555556  95.16219296
  0.22222222 200.00000000
  0.24975000   0.25000000
  0.31860469   0.52541875
  0.60802503   1.10425943
  1.82456002   2.32079442
  4.38132116   4.87755556
  4.38132116  10.25103648
  4.38132116  21.54434690
  4.38132116  45.27921484
  4.38132116  95.16219296
 12.24415669 200.00000000
  2.71399791   0.25000000
  2.86197160   0.52541875
  3.02622651   1.10425943
  3.13443067   2.32079442
  3.19293363   4.87755556
  3.31604485  10.25103648
  3.69910711  21.54434690
  6.49800384  45.27921484
 11.86632939  95.16219296
 18.53896618 200.00000000
