  1.00000000   0.25000000
  1.00000000   0.52541875
  1.00000000   1.10425943
  1.00000000   2.32079442
  1.00000000   4.87755556
  1.00000000  10.25103648
  1.00000000  21.54434690
  0.66666667  45.27921484
  0.55555556  95.16219296
  0.22222222 200.00000000
  0.25000000   0.25000000
  0.52541875   0.52541875
  0.81483909   1.10425943
  1.11897283   2.32079442
  1.11897283   4.87755556
  1.11897283  10.25103648
  1.11897283  21.54434690
  7.05268982  45.27921484
  7.05268982  95.16219296
 12.29458017 200.00000000
  8.60282928   0.25000000
  9.12289853   0.52541875
  9.62360382   1.10425943
 10.39469700   2.32079442
 12.04131902   4.87755556
 15.70981578  10.25103648
 21.82653814  21.54434690
 35.69539662  45.27921484
 71.11798418  95.16219296
144.13925351 200.00000000
