  1.00000000   0.25000000
  1.00000000   0.52541875
  1.00000000   1.10425943
  0.22222222   2.32079442
  0.22222222   4.87755556
  1.00000000  10.25103648
  1.00000000  21.54434690
  0.66666667  45.27921484
  0.77777778  95.16219296
  0.11111111 200.00000000
  0.24975000   0.25000000
  0.31860469   0.52541875
  0.60802503   1.10425943
  1.52042627   2.32079442
  4.07718741   4.87755556
  4.07718741  10.25103648
  4.07718741  21.54434690
  4.07718741  45.27921484
  4.07718741  95.16219296
  9.31907776 200.00000000
  3.49213008   0.25000000
  3.72369468   0.52541875
  3.99395998   1.10425943
  4.18044264   2.32079442
  4.28606240   4.87755556
  4.57524145  10.25103648
  6.05258944  21.54434690
  9.80489048  45.27921484
 15.45329240  95.16219296
 32.51114938 200.00000000
