  1.00000000   0.25000000
  1.00000000   0.52541875
  1.00000000   1.10425943
  1.00000000   2.32079442
  1.00000000   4.87755556
  0.88888889  10.25103648
  0.66666667  21.54434690
  0.55555556  45.27921484
  0.55555556  95.16219296
  0.33333333 200.00000000
  0.25000000   0.25000000
  0.52541875   0.52541875
  0.95954926   1.10425943
  1.26368301   2.32079442
  1.26368301   4.87755556
  1.26368301  10.25103648
  4.08701061  21.54434690
  4.08701061  45.27921484
 16.55775514  95.16219296
 16.55775514 200.00000000
 25.41773893   0.25000000
 27.92532615   0.52541875
 30.26813383   1.10425943
 32.72447849   2.32079442
 40.51868108   4.87755556
 57.90229878  10.25103648
 94.28081335  21.54434690
175.04769289  45.27921484
324.62100158  95.16219296
700.29546226 200.00000000
