  1.00000000   0.25000000
  1.00000000   0.52541875
  1.00000000   1.10425943
  1.00000000   2.32079442
  1.00000000   4.87755556
  1.00000000  10.25103648
  0.88888889  21.54434690
  0.55555556  45.27921484
  0.66666667  95.16219296
  0.22222222 200.00000000
  0.25000000   0.25000000
  0.52541875   0.52541875
  0.81483909   1.10425943
  1.11897283   2.32079442
  1.11897283   4.87755556
  1.11897283  10.25103648
  1.11897283  21.54434690
  7.05268982  45.27921484
  7.05268982  95.16219296
 12.29458017 200.00000000
 10.46487595   0.25000000
 11.15551124   0.52541875
 11.78863899   1.10425943
 12.68728915   2.32079442
 14.78133637   4.87755556
 19.53490561  10.25103648
 27.83575558  21.54434690
 48.68137961  45.27921484
 91.06710364  95.16219296
187.57061913 200.00000000
