  1.00000000   0.25000000
  1.00000000   0.52541875
  0.88888889   1.10425943
  0.88888889   2.32079442
  0.88888889   4.87755556
  1.00000000  10.25103648
  1.00000000  21.54434690
  0.55555556  45.27921484
  0.66666667  95.16219296
  0.22222222 200.00000000
  0.24975000   0.25000000
  0.31860469   0.52541875
  0.60802503   1.10425943
  1.82456002   2.32079442
  4.38132116   4.87755556
  4.38132116  10.25103648
  4.38132116  21.54434690
  4.38132116  45.27921484
  4.38132116  95.16219296
 12.24415669 200.00000000
  2.91138568   0.25000000
  3.06560889   0.52541875
  3.24191910   1.10425943
  3.36139748   2.32079442
  3.42607099   4.87755556
  3.56879568  10.25103648
  4.14844971  21.54434690
  7.32464380  45.27921484
 12.80042569  95.16219296
 21.17389367 200.00000000
