  1.00000000   0.25000000
  1.00000000   0.52541875
  1.00000000   1.10425943
  1.00000000   2.32079442
  0.66666667   4.87755556
  0.55555556  10.25103648
  0.55555556  21.54434690
  0.44444444  45.27921484
  0.44444444  95.16219296
  0.44444444 200.00000000
  0.25000000   0.25000000
  0.52541875   0.52541875
  0.95954926   1.10425943
  1.26368301   2.32079442
  1.90287329   4.87755556
  4.58961375  10.25103648
  7.41294136  21.54434690
 13.34665834  45.27921484
 38.28814740  95.16219296
 69.80018895 200.00000000
359.69365353   0.25000000
488.62125818   0.52541875
645.33338469   1.10425943
920.75754832   2.32079442
1587.32975253   4.87755556
2939.20195266  10.25103648
5848.11075887  21.54434690
11808.03287955  45.27921484
24465.24286224  95.16219296
51523.46892079 200.00000000
