  0.62902603   0.00000000   1.00443644   1.00000000
  0.88056570   0.37021365   1.00543990   1.08593600
  0.97125689   0.49206382   1.00469851   1.07221425
  0.99338438   0.52137764   1.00488801   1.06606168
  0.99829377   0.52852637   1.00427399   1.06408867
  0.99914671   0.52953891   1.00440591   1.06488686
  1.00001671   0.53037150   1.00473725   1.06389010
  1.00360983   0.53474799   1.00515159   1.05494463
  1.00515399   0.53696248   1.00499598   1.05294837
  1.00682586   0.53884144   1.00534618   1.04944327
  1.01007677   0.54346952   1.00505203   1.04149396
  1.01236942   0.54629114   1.00528790   1.03910332
  1.05565011   0.54661791   1.00526078   1.03862248
  1.01471492   0.50578206   1.00516726   1.03362804
  1.01469385   0.50610696   1.00482130   1.03372725
  1.01849611   0.50981229   1.00491537   1.02745819
  1.01619566   0.50690549   1.00552457   1.03272028
  1.02180987   0.51298978   1.00505056   1.02182522
  1.02325538   0.51407580   1.00540726   1.02455780
  1.02310507   0.51421058   1.00512889   1.02223360
  1.02682843   0.51807985   1.00498298   1.01516157
  1.02127336   0.51261667   1.00481722   1.02564065
  1.02265888   0.51411473   1.00477856   1.02063777
  1.02261408   0.51377769   1.00507080   1.02075887
  1.02228122   0.51360927   1.00490636   1.01745793
  1.02393508   0.51550074   1.00466874   1.01438145
  1.02843412   0.51964650   1.00497828   1.01084862
  1.02964234   0.52079614   1.00504213   1.00803252
  1.03009011   0.52155395   1.00477056   1.00219957
  1.02793931   0.51916553   1.00500818   1.00825264
  1.02842819   0.51981613   1.00484646   1.00900194
  1.02712035   0.51830592   1.00504884   1.01055262
  1.02534300   0.51668171   1.00488595   1.01452999
  1.02739348   0.51868688   1.00494100   1.01379732
  1.02868383   0.51989094   1.00502729   1.00878664
  1.02891679   0.52025761   1.00489358   1.00681489
  0.99113340   0.51805822   1.00520526   1.00912346
  1.02083959   0.55755632   1.00531627   1.00522064
  1.02913966   0.56892150   1.00501246   1.00452309
  1.03032430   0.57077186   1.00474561   1.00696962
  1.02942097   0.56995876   1.00435568   1.01224040
  1.03112145   0.57108572   1.00549603   1.00479834
  1.03086718   0.57136782   1.00487491   1.00684700
  1.02955769   0.56906918   1.00542755   1.00954970
  0.96073373   0.56966926   1.00486843   1.00676357
  0.55007591   0.62929375   0.68212000   1.00000000
  0.66464240   0.78204907   0.68212000   1.00000000
  0.69354763   0.82058937   0.68212000   1.00000000
  0.70082532   0.83029297   0.68212000   1.00000000
  0.70266280   0.83274294   0.68212000   1.00000000
  0.70315745   0.83340247   0.68212000   1.00000000
  0.70326615   0.83354740   0.68212000   1.00000000
  0.70329903   0.83359125   0.68212000   1.00000000
  0.70330216   0.83359541   0.68212000   1.00000000
  0.70329513   0.83358604   0.68212000   1.00000000
  0.70330376   0.83359754   0.68212000   1.00000000
  0.77215776   0.83359663   0.68212000   1.00000000
  0.72102612   0.76542111   0.68212000   1.00000000
  0.70807160   0.74814843   0.68212000   1.00000000
  0.70479335   0.74377742   0.68212000   1.00000000
  0.69267927   0.74265888   0.68212000   1.00000000
  0.69224675   0.75579543   0.68212000   1.00000000
  0.70078899   0.77287992   0.68212000   1.00000000
  0.76064165   0.78419036   0.68212000   1.00000000
  0.74881641   0.73688941   0.68212000   1.00000000
  0.73965775   0.70025477   0.68212000   1.00000000
  0.73267490   0.67232338   0.68212000   1.00000000
  0.87154335   0.65118654   0.68212000   1.00000000
  0.82308464   0.48285643   0.68212000   1.00000000
  0.77652080   0.35742969   0.68212000   1.00000000
  0.84663802   0.27456358   0.68212000   1.00000000
  0.72920225   0.11503665   0.68212000   1.00000000
  0.69622644   0.07104234   0.68212000   1.00000000
  0.68757572   0.05950804   0.68212000   1.00000000
  0.68529987   0.05647358   0.68212000   1.00000000
  0.68471823   0.05569806   0.68212000   1.00000000
  0.68456380   0.05549215   0.68212000   1.00000000
  0.68452863   0.05544525   0.68212000   1.00000000
  0.68452051   0.05543443   0.68212000   1.00000000
  0.68450738   0.05541693   0.68212000   1.00000000
  0.73747319   0.05542695   0.68212000   1.00000000
