  0.62902603   0.00000000   1.00443644
  0.95623800   0.40202833   1.09184339
  1.12486141   0.56988383   1.16359184
  1.21611302   0.63827673   1.23019590
  1.28610248   0.68090085   1.29380679
  1.35203281   0.71656542   1.35914950
  1.41710124   0.75157756   1.42379062
  1.47733594   0.78716091   1.47960546
  1.53283025   0.81885198   1.53258929
  1.58516056   0.84835942   1.58283093
  1.63219093   0.87819664   1.62407141
  1.67548265   0.90411791   1.66376265
  1.78788450   0.92577046   1.70254343
  1.75267815   0.87361794   1.73618685
  1.78686459   0.89124873   1.76947913
  1.82152640   0.91177231   1.79723796
  1.85066237   0.92315973   1.83122853
  1.88318802   0.94543636   1.85230074
  1.91098098   0.96006246   1.87764871
  1.93344758   0.97174691   1.89947649
  1.95605225   0.98691391   1.91443786
  1.97165626   0.98965068   1.93988626
  1.99543654   1.00315298   1.96054801
  2.01657743   1.01316079   1.98198237
  2.03376795   1.02179522   1.99920169
  2.05178387   1.03297184   2.01317756
  2.07195624   1.04691665   2.02470043
  2.08266103   1.05341610   2.03290210
  2.08583249   1.05609612   2.03456286
  2.08996055   1.05554430   2.04333799
  2.10021236   1.06154642   2.05205475
  2.10838035   1.06393181   2.06307393
  2.11963019   1.06810516   2.07734054
  2.13804430   1.07940682   2.09131985
  2.14976824   1.08648061   2.10033023
  2.15726705   1.09079239   2.10689904
  2.08709148   1.09090755   2.11672349
  2.15497511   1.17699197   2.12220565
  2.17715132   1.20355695   2.12611006
  2.18683840   1.21144946   2.13254824
  2.19752162   1.21670020   2.14401433
  2.20609934   1.22184621   2.15127337
  2.21261368   1.22636191   2.15682485
  2.21963500   1.22686265   2.16761255
  2.07775463   1.23200937   2.17320364
  1.18963532   1.36095774   1.47520374
  1.43740537   1.69131781   1.47520374
  1.49991798   1.77466796   1.47520374
  1.51565727   1.79565368   1.47520374
  1.51963114   1.80095217   1.47520374
  1.52070090   1.80237852   1.47520374
  1.52093598   1.80269196   1.47520374
  1.52100710   1.80278679   1.47520374
  1.52101386   1.80279580   1.47520374
  1.52099866   1.80277554   1.47520374
  1.52101732   1.80280041   1.47520374
  1.66992613   1.80279843   1.47520374
  1.55934502   1.65535695   1.47520374
  1.53132862   1.61800176   1.47520374
  1.52423882   1.60854868   1.47520374
  1.49804001   1.60612966   1.47520374
  1.49710460   1.63453975   1.47520374
  1.51557870   1.67148794   1.47520374
  1.64502053   1.69594874   1.47520374
  1.61944639   1.59365217   1.47520374
  1.59963919   1.51442336   1.47520374
  1.58453756   1.45401684   1.47520374
  1.88486485   1.40830472   1.47520374
  1.78006442   1.04426144   1.47520374
  1.67936198   0.77300418   1.47520374
  1.83100272   0.59379174   1.47520374
  1.57702734   0.24878687   1.47520374
  1.50571138   0.15364147   1.47520374
  1.48700268   0.12869654   1.47520374
  1.48208077   0.12213399   1.47520374
  1.48082286   0.12045678   1.47520374
  1.48048888   0.12001147   1.47520374
  1.48041282   0.11991005   1.47520374
  1.48039526   0.11988664   1.47520374
  1.48036688   0.11984880   1.47520374
  1.59491469   0.11987046   1.47520374
