  0.30419604   0.07121437   0.81475002
  0.30878227   0.18630559   0.62896042
  0.25373694   0.27176850   0.48742220
  0.25024484   0.28263643   0.47394890
  0.22842929   0.30607730   0.43182523
  0.22808722   0.30671090   0.43119746
  0.22789644   0.30719561   0.43055929
  0.22662515   0.30966460   0.42793390
  0.18870787   0.34809660   0.35567135
  0.18828082   0.34908094   0.35465336
  0.18749087   0.35095391   0.35267476
  0.18720548   0.35200414   0.35127792
  0.22055152   0.27567706   0.44445563
  0.22054862   0.27568578   0.44444444
  0.16541147   0.33082293   0.33333333
  0.16541376   0.33081779   0.33333990
  0.16541147   0.33082293   0.33333333
  0.16541462   0.33081585   0.33334239
  0.16541681   0.33081086   0.33334883
  0.16541147   0.33082293   0.33333333
  0.16541147   0.33082293   0.33333333
  0.16546481   0.33069572   0.33350349
  0.16541147   0.33082293   0.33333333
  0.16541147   0.33082293   0.33333333
  0.16541147   0.33082293   0.33333333
  0.16541147   0.33082293   0.33333333
  0.16544456   0.33074609   0.33343410
  0.16543921   0.33075672   0.33342195
  0.16541147   0.33082293   0.33333333
  0.16541147   0.33082293   0.33333333
  0.16541147   0.33082293   0.33333333
  0.16541147   0.33082293   0.33333333
  0.16541914   0.33080551   0.33335579
  0.16541147   0.33082293   0.33333333
  0.16541147   0.33082293   0.33333333
  0.16541147   0.33082293   0.33333333
  0.19164712   0.34048297   0.36420959
  0.18520790   0.35682511   0.34612048
  0.18352398   0.36127031   0.34107414
  0.18316790   0.36202526   0.34034788
  0.18342299   0.36147047   0.34089533
  0.18300811   0.36245218   0.33985992
  0.18306833   0.36230721   0.34001474
  0.21994091   0.32499813   0.40897450
  0.20693873   0.40686524   0.34079338
  0.30946623   0.45187160   0.40660394
  0.30267142   0.49685525   0.37870041
  0.30062562   0.50853612   0.37166032
  0.30009256   0.51149508   0.36988778
  0.29995911   0.51224103   0.36944025
  0.29992902   0.51243600   0.36931978
  0.29992129   0.51247996   0.36929330
  0.29991724   0.51249498   0.36928529
  0.29991379   0.51249946   0.36928453
  0.29990441   0.51250650   0.36928624
  0.29991124   0.51250255   0.36928414
  0.35709311   0.38646576   0.48039542
  0.35792600   0.36858899   0.49284892
  0.35806504   0.36413178   0.49600409
  0.35811676   0.36298731   0.49680253
  0.42330442   0.30879519   0.57884361
  0.53405422   0.21161447   0.71682945
  0.62139853   0.13281240   0.82481976
  0.70566871   0.00000000   1.00000000
  0.67019300   0.00000000   1.00000000
  0.64271702   0.00000000   1.00000000
  0.62176848   0.00000000   1.00000000
  0.46176318   0.00000000   1.00000000
  0.34189179   0.00000000   1.00000000
  0.26302888   0.00000000   1.00000000
  0.11004556   0.00000000   1.00000000
  0.06795440   0.00000000   1.00000000
  0.05693590   0.00000000   1.00000000
  0.05405232   0.00000000   1.00000000
  0.05329371   0.00000000   1.00000000
  0.05309983   0.00000000   1.00000000
  0.05304835   0.00000000   1.00000000
  0.05303663   0.00000000   1.00000000
  0.05303392   0.00000000   1.00000000
  0.05302955   0.00000000   1.00000000
  0.00000000   0.00007375   0.00000000
