  1.00000000   0.25000000
  1.00000000   0.52541875
  0.33333333   1.10425943
  0.33333333   2.32079442
  0.33333333   4.87755556
  0.11111111  10.25103648
  0.11111111  21.54434690
  1.00000000  45.27921484
  0.22222222  95.16219296
  0.22222222 200.00000000
  0.24975000   0.25000000
  0.31860469   0.52541875
  0.60802503   1.10425943
  1.82456002   2.32079442
  4.38132116   4.87755556
  4.38132116  10.25103648
 15.67463157  21.54434690
 15.67463157  45.27921484
 15.67463157  95.16219296
 15.67463157 200.00000000
  1.58640052   0.25000000
  1.72945652   0.52541875
  1.89436842   1.10425943
  1.99288930   2.32079442
  2.03571478   4.87755556
  2.11957743  10.25103648
  2.15367923  21.54434690
  2.52291801  45.27921484
  5.26890624  95.16219296
  8.73138001 200.00000000
