  1.00000000   0.25000000
  1.00000000   0.52541875
  0.55555556   1.10425943
  0.00000000   2.32079442
  0.00000000   4.87755556
  0.22222222  10.25103648
  1.00000000  21.54434690
  0.33333333  45.27921484
  0.22222222  95.16219296
  0.11111111 200.00000000
  0.24975000   0.25000000
  0.38745937   0.52541875
  0.67687972   1.10425943
  1.58928095   2.32079442
  4.14604210   4.87755556
  4.14604210  10.25103648
  4.14604210  21.54434690
  4.14604210  45.27921484
  4.14604210  95.16219296
 12.00887763 200.00000000
  1.77495676   0.25000000
  1.93162657   0.52541875
  2.11929881   1.10425943
  2.23670916   2.32079442
  2.29776733   4.87755556
  2.41751986  10.25103648
  2.63677340  21.54434690
  3.90960377  45.27921484
  7.28039614  95.16219296
 12.54935812 200.00000000
