  1.00000000   0.25000000
  1.00000000   0.52541875
  0.33333333   1.10425943
  0.33333333   2.32079442
  0.33333333   4.87755556
  0.11111111  10.25103648
  0.11111111  21.54434690
  0.33333333  45.27921484
  1.00000000  95.16219296
  0.22222222 200.00000000
  0.24975000   0.25000000
  0.31860469   0.52541875
  0.60802503   1.10425943
  1.82456002   2.32079442
  4.38132116   4.87755556
  4.38132116  10.25103648
 15.67463157  21.54434690
 15.67463157  45.27921484
 15.67463157  95.16219296
 15.67463157 200.00000000
  1.55756754   0.25000000
  1.69892328   0.52541875
  1.86166029   1.10425943
  1.95731483   2.32079442
  1.99886493   4.87755556
  2.07153509  10.25103648
  2.10435173  21.54434690
  2.17824281  45.27921484
  2.30289270  95.16219296
  3.43875526 200.00000000
