  1.00000000   0.25000000
  1.00000000   0.52541875
  0.66666667   1.10425943
  0.00000000   2.32079442
  0.00000000   4.87755556
  0.22222222  10.25103648
  1.00000000  21.54434690
  1.00000000  45.27921484
  1.00000000  95.16219296
  0.22222222 200.00000000
  0.24975000   0.25000000
  0.38745937   0.52541875
  0.67687972   1.10425943
  1.58928095   2.32079442
  4.14604210   4.87755556
  4.14604210  10.25103648
  6.96936970  21.54434690
  6.96936970  45.27921484
  6.96936970  95.16219296
 14.83220523 200.00000000
  1.92743482   0.25000000
  2.09649928   0.52541875
  2.30337983   1.10425943
  2.44518685   2.32079442
  2.51612033   4.87755556
  2.64409620  10.25103648
  2.71017357  21.54434690
  2.86490200  45.27921484
  3.09575997  95.16219296
  3.55370338 200.00000000
