  1.00000000   0.25000000
  1.00000000   0.52541875
  0.55555556   1.10425943
  0.00000000   2.32079442
  0.00000000   4.87755556
  0.44444444  10.25103648
  1.00000000  21.54434690
  0.33333333  45.27921484
  0.22222222  95.16219296
  0.11111111 200.00000000
  0.24975000   0.25000000
  0.31860469   0.52541875
  0.60802503   1.10425943
  1.52042627   2.32079442
  4.07718741   4.87755556
  4.07718741  10.25103648
  4.07718741  21.54434690
  4.07718741  45.27921484
  4.07718741  95.16219296
 11.94002294 200.00000000
  1.81118283   0.25000000
  2.02191913   0.52541875
  2.27305510   1.10425943
  2.43240567   2.32079442
  2.50638597   4.87755556
  2.71195904  10.25103648
  3.01030264  21.54434690
  4.53075681  45.27921484
  8.37266255  95.16219296
 16.16291349 200.00000000
