  1.00000000   0.25000000
  1.00000000   0.52541875
  0.33333333   1.10425943
  0.33333333   2.32079442
  0.33333333   4.87755556
  0.11111111  10.25103648
  0.11111111  21.54434690
  1.00000000  45.27921484
  0.22222222  95.16219296
  0.22222222 200.00000000
  0.24975000   0.25000000
  0.31860469   0.52541875
  0.60802503   1.10425943
  1.82456002   2.32079442
  4.38132116   4.87755556
  4.38132116  10.25103648
 15.67463157  21.54434690
 15.67463157  45.27921484
 15.67463157  95.16219296
 15.67463157 200.00000000
  1.57096744   0.25000000
  1.71312620   0.52541875
  1.87622930   1.10425943
  1.97315622   2.32079442
  2.01527231   4.87755556
  2.09545114  10.25103648
  2.12890505  21.54434690
  2.29013766  45.27921484
  4.57094406  95.16219296
  8.40919480 200.00000000
