  1.00000000   0.25000000
  1.00000000   0.52541875
  0.33333333   1.10425943
  0.33333333   2.32079442
  0.33333333   4.87755556
  0.11111111  10.25103648
  0.11111111  21.54434690
  0.44444444  45.27921484
  1.00000000  95.16219296
  0.33333333 200.00000000
  0.24975000   0.25000000
  0.31860469   0.52541875
  0.60802503   1.10425943
  1.82456002   2.32079442
  4.38132116   4.87755556
  4.38132116  10.25103648
 15.67463157  21.54434690
 15.67463157  45.27921484
 15.67463157  95.16219296
 15.67463157 200.00000000
  1.58675351   0.25000000
  1.72975518   0.52541875
  1.89621484   1.10425943
  1.99489858   2.32079442
  2.03779656   4.87755556
  2.11437630  10.25103648
  2.14833800  21.54434690
  2.22618370  45.27921484
  2.34765126  95.16219296
  3.25360875 200.00000000
