  1.00000000   0.25000000
  1.00000000   0.52541875
  0.66666667   1.10425943
  0.11111111   2.32079442
  0.11111111   4.87755556
  0.33333333  10.25103648
  1.00000000  21.54434690
  1.00000000  45.27921484
  1.00000000  95.16219296
  0.22222222 200.00000000
  0.24975000   0.25000000
  0.38745937   0.52541875
  0.67687972   1.10425943
  1.58928095   2.32079442
  4.14604210   4.87755556
  4.14604210  10.25103648
  6.96936970  21.54434690
  6.96936970  45.27921484
  6.96936970  95.16219296
 14.83220523 200.00000000
  2.02712884   0.25000000
  2.20466818   0.52541875
  2.42251889   1.10425943
  2.57785345   2.32079442
  2.65538353   4.87755556
  2.79993679  10.25103648
  2.89349322  21.54434690
  3.08683491  45.27921484
  3.36273322  95.16219296
  3.82867585 200.00000000
