  1.00000000   0.25000000
  1.00000000   0.52541875
  0.55555556   1.10425943
  0.00000000   2.32079442
  0.00000000   4.87755556
  0.22222222  10.25103648
  0.22222222  21.54434690
  0.66666667  45.27921484
  1.00000000  95.16219296
  0.22222222 200.00000000
  0.24975000   0.25000000
  0.38745937   0.52541875
  0.67687972   1.10425943
  1.58928095   2.32079442
  4.14604210   4.87755556
  4.14604210  10.25103648
 15.43935251  21.54434690
 15.43935251  45.27921484
 15.43935251  95.16219296
 15.43935251 200.00000000
  1.76463590   0.25000000
  1.92050305   0.52541875
  2.11009712   1.10425943
  2.23059599   2.32079442
  2.29137377   4.87755556
  2.39280692  10.25103648
  2.43704977  21.54434690
  2.53982546  45.27921484
  2.69889714  95.16219296
  3.21651575 200.00000000
