  1.00000000   0.25000000
  1.00000000   0.52541875
  0.66666667   1.10425943
  0.00000000   2.32079442
  0.00000000   4.87755556
  0.22222222  10.25103648
  0.22222222  21.54434690
  0.77777778  45.27921484
  1.00000000  95.16219296
  0.22222222 200.00000000
  0.24975000   0.25000000
  0.38745937   0.52541875
  0.67687972   1.10425943
  1.58928095   2.32079442
  4.14604210   4.87755556
  4.14604210  10.25103648
 15.43935251  21.54434690
 15.43935251  45.27921484
 15.43935251  95.16219296
 15.43935251 200.00000000
  1.80116033   0.25000000
  1.95991755   0.52541875
  2.15332357   1.10425943
  2.27852746   2.32079442
  2.34151782   4.87755556
  2.44901412  10.25103648
  2.49501364  21.54434690
  2.60544223  45.27921484
  2.78031811  95.16219296
  3.27488571 200.00000000
