  1.00000000   0.25000000
  1.00000000   0.52541875
  0.33333333   1.10425943
  0.33333333   2.32079442
  0.33333333   4.87755556
  0.11111111  10.25103648
  0.11111111  21.54434690
  0.44444444  45.27921484
  1.00000000  95.16219296
  0.33333333 200.00000000
  0.24975000   0.25000000
  0.31860469   0.52541875
  0.60802503   1.10425943
  1.82456002   2.32079442
  4.38132116   4.87755556
  4.38132116  10.25103648
 15.67463157  21.54434690
 15.67463157  45.27921484
 15.67463157  95.16219296
 15.67463157 200.00000000
  1.60447668   0.25000000
  1.74848603   0.52541875
  1.91720454   1.10425943
  2.01774751   2.32079442
  2.06147348   4.87755556
  2.14050270  10.25103648
  2.17517051  21.54434690
  2.25553002  45.27921484
  2.37893446  95.16219296
  3.19484477 200.00000000
