  1.00000000   0.25000000
  1.00000000   0.52541875
  0.33333333   1.10425943
  0.33333333   2.32079442
  0.33333333   4.87755556
  0.22222222  10.25103648
  1.00000000  21.54434690
  0.33333333  45.27921484
  0.22222222  95.16219296
  0.22222222 200.00000000
  0.24975000   0.25000000
  0.31860469   0.52541875
  0.60802503   1.10425943
  1.82456002   2.32079442
  4.38132116   4.87755556
  4.38132116  10.25103648
  4.38132116  21.54434690
  4.38132116  45.27921484
  4.38132116  95.16219296
 14.86510186 200.00000000
  1.60383228   0.25000000
  1.74792250   0.52541875
  1.91491399   1.10425943
  2.01525337   2.32079442
  2.05888864   4.87755556
  2.14651119  10.25103648
  2.19281427  21.54434690
  3.07416478  45.27921484
  5.86922855  95.16219296
  9.06146296 200.00000000
