  1.00000000   0.25000000
  1.00000000   0.52541875
  0.44444444   1.10425943
  0.22222222   2.32079442
  0.22222222   4.87755556
  0.66666667  10.25103648
  0.88888889  21.54434690
  0.22222222  45.27921484
  0.33333333  95.16219296
  0.11111111 200.00000000
  0.25000000   0.25000000
  0.25000000   0.52541875
  0.39471017   1.10425943
  1.30711141   2.32079442
  3.86387255   4.87755556
  3.86387255  10.25103648
  3.86387255  21.54434690
  3.86387255  45.27921484
  3.86387255  95.16219296
  9.10576291 200.00000000
  1.81310003   0.25000000
  2.01135047   0.52541875
  2.41718571   1.10425943
  2.72197287   2.32079442
  2.82807213   4.87755556
  3.07124557  10.25103648
  3.72787663  21.54434690
  6.38542668  45.27921484
 11.49557246  95.16219296
 23.84066166 200.00000000
