  1.00000000   0.25000000
  1.00000000   0.52541875
  0.33333333   1.10425943
  0.33333333   2.32079442
  0.33333333   4.87755556
  0.22222222  10.25103648
  1.00000000  21.54434690
  0.33333333  45.27921484
  0.22222222  95.16219296
  0.22222222 200.00000000
  0.24975000   0.25000000
  0.31860469   0.52541875
  0.60802503   1.10425943
  1.82456002   2.32079442
  4.38132116   4.87755556
  4.38132116  10.25103648
  4.38132116  21.54434690
  4.38132116  45.27921484
  4.38132116  95.16219296
 14.86510186 200.00000000
  1.62358007   0.25000000
  1.76865363   0.52541875
  1.93789505   1.10425943
  2.04028491   2.32079442
  2.08483386   4.87755556
  2.17806717  10.25103648
  2.24040426  21.54434690
  3.17741741  45.27921484
  6.03976376  95.16219296
  9.42383867 200.00000000
