  1.00000000   0.25000000
  1.00000000   0.52541875
  0.55555556   1.10425943
  0.00000000   2.32079442
  0.00000000   4.87755556
  0.11111111  10.25103648
  0.11111111  21.54434690
  0.55555556  45.27921484
  1.00000000  95.16219296
  0.33333333 200.00000000
  0.24975000   0.25000000
  0.38745937   0.52541875
  0.67687972   1.10425943
  1.58928095   2.32079442
  4.14604210   4.87755556
  4.14604210  10.25103648
 15.43935251  21.54434690
 15.43935251  45.27921484
 15.43935251  95.16219296
 15.43935251 200.00000000
  1.67093664   0.25000000
  1.81892285   0.52541875
  1.99815493   1.10425943
  2.10669506   2.32079442
  2.16190434   4.87755556
  2.23980837  10.25103648
  2.27941130  21.54434690
  2.36750804  45.27921484
  2.50919074  95.16219296
  3.13105656 200.00000000
