  1.00000000   0.25000000
  1.00000000   0.52541875
  1.00000000   1.10425943
  1.00000000   2.32079442
  0.77777778   4.87755556
  0.44444444  10.25103648
  0.33333333  21.54434690
  0.33333333  45.27921484
  0.22222222  95.16219296
  0.22222222 200.00000000
  0.25000000   0.25000000
  0.52541875   0.52541875
  0.81483909   1.10425943
  1.11897283   2.32079442
  1.11897283   4.87755556
  2.46234307  10.25103648
  2.46234307  21.54434690
  8.39606005  45.27921484
  8.39606005  95.16219296
 18.87984076 200.00000000
  4.74844086   0.25000000
  5.41106466   0.52541875
  5.96782081   1.10425943
  6.72310557   2.32079442
  8.23345693   4.87755556
 11.50935639  10.25103648
 19.14018032  21.54434690
 34.08277013  45.27921484
 66.95216549  95.16219296
138.11679197 200.00000000
