  1.00000000   0.25000000
  1.00000000   0.52541875
  0.44444444   1.10425943
  0.22222222   2.32079442
  0.22222222   4.87755556
  0.55555556  10.25103648
  1.00000000  21.54434690
  0.22222222  45.27921484
  0.33333333  95.16219296
  0.11111111 200.00000000
  0.25000000   0.25000000
  0.25000000   0.52541875
  0.39471017   1.10425943
  1.30711141   2.32079442
  3.86387255   4.87755556
  3.86387255  10.25103648
  3.86387255  21.54434690
  3.86387255  45.27921484
  3.86387255  95.16219296
  9.10576291 200.00000000
  1.72850087   0.25000000
  1.92187296   0.52541875
  2.31277954   1.10425943
  2.59584888   2.32079442
  2.69378312   4.87755556
  2.91686109  10.25103648
  3.32387894  21.54434690
  5.43316627  45.27921484
  9.90522186  95.16219296
 20.14118731 200.00000000
