  1.00000000   0.25000000
  1.00000000   0.52541875
  1.00000000   1.10425943
  0.88888889   2.32079442
  0.33333333   4.87755556
  0.33333333  10.25103648
  0.22222222  21.54434690
  0.22222222  45.27921484
  0.22222222  95.16219296
  0.22222222 200.00000000
  0.25000000   0.25000000
  0.52541875   0.52541875
  0.95954926   1.10425943
  1.26368301   2.32079442
  1.90287329   4.87755556
  3.24624352  10.25103648
  6.06957113  21.54434690
 12.00328811  45.27921484
 24.47403264  95.16219296
 51.23133727 200.00000000
 14.35179742   0.25000000
 19.12976750   0.52541875
 24.04798245   1.10425943
 31.13337781   2.32079442
 50.04259661   4.87755556
 89.29963139  10.25103648
171.80931654  21.54434690
343.74618779  45.27921484
706.80358703  95.16219296
1478.71182389 200.00000000
