  0.62950178   0.00000000   1.00487169   1.00000000
  0.87921028   0.36918839   1.00471715   1.08130255
  1.06097194   0.48332951   1.00501242   1.07717273
  0.99863462   0.42104959   1.00492766   1.07114189
  0.99790909   0.41996072   1.00527261   1.06814936
  1.00308748   0.42537173   1.00503460   1.05998367
  1.00152808   0.42376451   1.00509084   1.05959653
  1.00102773   0.42342721   1.00495230   1.05549449
  1.00423488   0.42661169   1.00497874   1.05239112
  1.06958963   0.42992160   1.00500415   1.04871128
  1.02194126   0.36643071   1.00496388   1.04608858
  1.01051584   0.35117647   1.00498422   1.04527591
  1.00929689   0.34963057   1.00490487   1.03805005
  1.00956154   0.34987534   1.00501297   1.03683750
  1.00439536   0.35091751   1.00491836   1.03393812
  1.01662874   0.35935926   1.00495199   1.03193677
  1.00901980   0.35539377   1.00506914   1.02790689
  1.01402301   0.36032696   1.00512807   1.02522668
  1.01935328   0.36266204   1.00528191   1.02257252
  1.01642532   0.35878043   1.00525958   1.02109484
  0.94672081   0.35790218   1.00500472   1.02090382
  1.07023562   0.43081295   1.00497413   1.01843987
  0.95569034   0.37800812   1.00497789   1.01500996
  1.02202158   0.44431932   1.00505215   1.01448764
  1.01208904   0.44507081   1.00499374   1.01302385
  0.96280932   0.45398739   1.00504441   1.01210423
  1.02453085   0.51570047   1.00506479   1.01153858
  1.02691359   0.51810258   1.00503540   1.01153739
  1.02656421   0.51767781   1.00511688   1.01100988
  1.02763451   0.51881914   1.00503962   1.00887605
  1.02824981   0.51949668   1.00498367   1.00797910
  1.09649328   0.51893266   1.00493002   1.00933067
  1.02624158   0.44859811   1.00498162   1.01017121
  1.02823669   0.45051122   1.00508173   1.00530676
  0.93974161   0.44970570   1.00502084   1.00619497
  1.00606264   0.53803849   1.00512762   1.00873930
  1.02408943   0.56223075   1.00497240   1.00520579
  1.02738437   0.56666277   1.00493469   1.00809857
  1.02848617   0.56811224   1.00495580   1.00757477
  1.02783571   0.56707009   1.00511245   1.00972247
  1.02910877   0.56880634   1.00508722   1.00725159
  1.02848176   0.56812555   1.00493245   1.00905365
  1.02776187   0.56705219   1.00504768   1.01010145
  1.02763850   0.56689176   1.00504502   1.00959889
  1.02670608   0.56566482   1.00502977   1.01133562
  0.95729885   0.56472883   1.00522096   1.01353836
  0.64181064   0.62692003   0.68212000   1.00000000
  0.66042799   0.68462361   0.68212000   1.00000000
  0.69083692   0.72497258   0.68212000   1.00000000
  0.69759553   0.73418033   0.68212000   1.00000000
  0.70004648   0.73744826   0.68212000   1.00000000
  0.70064425   0.73824528   0.68212000   1.00000000
  0.70078756   0.73843636   0.68212000   1.00000000
  0.70082283   0.73848339   0.68212000   1.00000000
  0.70146676   0.73934197   0.68212000   1.00000000
  0.70162838   0.73955747   0.68212000   1.00000000
  0.70167106   0.73961437   0.68212000   1.00000000
  0.70168071   0.73962723   0.68212000   1.00000000
  0.70168428   0.73963199   0.68212000   1.00000000
  0.70168469   0.73963255   0.68212000   1.00000000
  0.70168452   0.73963231   0.68212000   1.00000000
  0.70168389   0.73963148   0.68212000   1.00000000
  0.70168514   0.73963314   0.68212000   1.00000000
  0.70168515   0.73963315   0.68212000   1.00000000
  0.69116527   0.73963088   0.68212000   1.00000000
  0.68914096   0.74958385   0.68212000   1.00000000
  0.69691083   0.76512360   0.68212000   1.00000000
  0.75808631   0.77396902   0.68212000   1.00000000
  0.74613988   0.72618330   0.68212000   1.00000000
  0.73731481   0.69088300   0.68212000   1.00000000
  0.87534949   0.66543563   0.68212000   1.00000000
  0.82751900   0.49663843   0.68212000   1.00000000
  0.78144875   0.37021192   0.68212000   1.00000000
  0.85352198   0.28568446   0.68212000   1.00000000
  0.73338558   0.12070229   0.68212000   1.00000000
  0.69788146   0.07324903   0.68212000   1.00000000
  0.68843601   0.06065510   0.68212000   1.00000000
  0.68594286   0.05733089   0.68212000   1.00000000
  0.68529187   0.05646291   0.68212000   1.00000000
  0.68504250   0.05613042   0.68212000   1.00000000
  0.73782480   0.05577859   0.68212000   1.00000000
