  0.62950178   0.00000000   1.00487169
  0.95069232   0.39920435   1.08640322
  1.22910977   0.55992530   1.16428205
  1.22793828   0.51772981   1.23567631
  1.29505301   0.54501097   1.30460915
  1.36194222   0.57754855   1.36458593
  1.41951255   0.60062124   1.42456221
  1.47435490   0.62364105   1.48013517
  1.53169151   0.65068194   1.53282607
  1.68347376   0.67667236   1.58181987
  1.65557775   0.59362956   1.62807385
  1.68282022   0.58481703   1.67360838
  1.71919411   0.59554609   1.71171291
  1.75683462   0.60885154   1.74891922
  1.78193174   0.62257461   1.78285961
  1.83610323   0.64902817   1.81501418
  1.85051955   0.65178416   1.84327412
  1.88527574   0.66992136   1.86873824
  1.91819518   0.68244895   1.89171602
  1.93412674   0.68271304   1.91287977
  1.82127810   0.68852338   1.93340326
  2.07862784   0.83673144   1.95187598
  1.87050115   0.73984699   1.96696798
  2.01513299   0.87607007   1.98167414
  2.00873018   0.88334834   1.99464787
  1.92257697   0.90654056   2.00691373
  2.05764668   1.03572220   2.01855144
  2.07428003   1.04652412   2.03008792
  2.08487668   1.05136569   2.04131870
  2.09617170   1.05828871   2.05008259
  2.10563130   1.06381586   2.05798731
  2.25561006   1.06750288   2.06725413
  2.12153253   0.92737958   2.07758214
  2.13111360   0.93372526   2.08312283
  1.95352119   0.93484166   2.08922271
  2.10018066   1.12316868   2.09822879
  2.14314324   1.17659747   2.10313644
  2.15835899   1.19046164   2.11119605
  2.16846424   1.19781005   2.11885271
  2.17708590   1.20112610   2.12895517
  2.18724508   1.20892844   2.13619021
  2.19522397   1.21262512   2.14495957
  2.20406929   1.21606216   2.15535797
  2.21366892   1.22115965   2.16499958
  2.22329871   1.22492882   2.17635935
  2.08595986   1.23054747   2.19038243
  1.39850918   1.36606245   1.48634352
  1.43907650   1.49179889   1.48634352
  1.50533774   1.57971955   1.48634352
  1.52006480   1.59978329   1.48634352
  1.52540541   1.60690411   1.48634352
  1.52670796   1.60864084   1.48634352
  1.52702024   1.60905721   1.48634352
  1.52709709   1.60915968   1.48634352
  1.52850022   1.61103052   1.48634352
  1.52885240   1.61150009   1.48634352
  1.52894540   1.61162409   1.48634352
  1.52896642   1.61165212   1.48634352
  1.52897419   1.61166249   1.48634352
  1.52897510   1.61166369   1.48634352
  1.52897471   1.61166318   1.48634352
  1.52897336   1.61166137   1.48634352
  1.52897607   1.61166498   1.48634352
  1.52897608   1.61166500   1.48634352
  1.50605321   1.61166007   1.48634352
  1.50164222   1.63334765   1.48634352
  1.51857282   1.66720885   1.48634352
  1.65187457   1.68648308   1.48634352
  1.62584322   1.58235771   1.48634352
  1.60661333   1.50543814   1.48634352
  1.90739173   1.44998817   1.48634352
  1.80316879   1.08217808   1.48634352
  1.70278145   0.80669396   1.48634352
  1.85982944   0.62250814   1.48634352
  1.59805152   0.26301100   1.48634352
  1.52068784   0.15961008   1.48634352
  1.50010615   0.13216783   1.48634352
  1.49467355   0.12492436   1.48634352
  1.49325504   0.12303302   1.48634352
  1.49271166   0.12230851   1.48634352
  1.60772460   0.12154187   1.48634352
