  0.16665204   0.20871787   0.45593195
  0.08495923   0.40973603   0.17341219
  0.09498148   0.33238852   0.22224834
  0.04752695   0.37981569   0.11122500
  0.09501997   0.33230428   0.22237128
  0.04755298   0.37976588   0.11129803
  0.00007159   0.42725567   0.00018123
  0.04751800   0.37983378   0.11119690
  0.09499364   0.33236191   0.22228716
  0.05839280   0.30694332   0.16187086
  0.06000449   0.28944884   0.17372827
  0.06035715   0.28528771   0.17657691
  0.06042579   0.28481276   0.17699219
  0.06039088   0.28493588   0.17687619
  0.07818520   0.27325530   0.22247936
  0.06018131   0.28750119   0.17508443
  0.03915380   0.31228930   0.11142256
  0.07819036   0.27324166   0.22250542
  0.06008557   0.28850510   0.17440113
  0.06017559   0.28743910   0.17518507
  0.10825806   0.30792804   0.26257436
  0.05834945   0.30720200   0.16170750
  0.09504462   0.33225105   0.22244809
  0.09499889   0.33235100   0.22230238
  0.06890325   0.36907226   0.15906332
  0.05514884   0.44107364   0.11113856
  0.11027431   0.38596009   0.22222222
  0.11028083   0.38594357   0.22224143
  0.11027706   0.38595341   0.22222976
  0.11028076   0.38594350   0.22224170
  0.11027691   0.38595362   0.22222965
  0.14246612   0.28490329   0.33335708
  0.14248452   0.28485362   0.33342909
  0.14247361   0.28488263   0.33338739
  0.12102870   0.39395623   0.23734516
  0.11309446   0.42400902   0.21307831
  0.11075666   0.43235706   0.20648782
  0.11031171   0.43390137   0.20528420
  0.11018928   0.43439258   0.20487872
  0.11026464   0.43408219   0.20513689
  0.11006025   0.43472454   0.20465631
  0.11018334   0.43439289   0.20488526
  0.11028726   0.43405074   0.20515039
  0.11031869   0.43397960   0.20519139
  0.11044605   0.43354246   0.20552905
  0.12459498   0.48805596   0.20573975
  0.18471136   0.48251802   0.27722299
  0.20148708   0.50482854   0.28538583
  0.17908712   0.53716854   0.25035637
  0.19852483   0.52017997   0.27633339
  0.19832408   0.52119770   0.27573645
  0.19827108   0.52144996   0.27559086
  0.19826034   0.52150847   0.27555595
  0.21909146   0.50068910   0.30444035
  0.21909187   0.50090333   0.30436193
  0.21909439   0.50095470   0.30434225
  0.21909396   0.50096935   0.30433705
  0.21909472   0.50097180   0.30433587
  0.21909675   0.50097096   0.30433544
  0.21909492   0.50097293   0.30433539
  0.21909723   0.50097057   0.30433541
  0.21909610   0.50097149   0.30433549
  0.21909481   0.50097319   0.30433534
  0.21909402   0.50097398   0.30433533
  0.20097102   0.52961459   0.27533775
  0.28541410   0.45714880   0.38463077
  0.30979853   0.44053424   0.41311830
  0.44257089   0.25543182   0.63453263
  0.47671272   0.18545070   0.72224146
  0.51506253   0.12062565   0.81522625
  0.43668536   0.03552077   0.93299254
  0.33887727   0.01236217   0.97307151
  0.26743365   0.00344952   0.99186040
  0.11392888   0.00035361   0.99865335
  0.06942968   0.00000703   0.99996865
  0.05748757   0.00000000   1.00000000
  0.05433909   0.00000000   1.00000000
  0.05350804   0.00000000   1.00000000
  0.05110443   0.00218661   0.95908217
  0.04449140   0.00871651   0.83658396
  0.00000000   0.00007379   0.00000000
