  1.00000000   0.25000000
  1.00000000   0.52541875
  0.22222222   1.10425943
  0.00000000   2.32079442
  0.00000000   4.87755556
  0.00000000  10.25103648
  0.00000000  21.54434690
  0.00000000  45.27921484
  0.00000000  95.16219296
  0.00000000 200.00000000
  0.24975000   0.25000000
  0.38745937   0.52541875
  0.82158989   1.10425943
  1.73399113   2.32079442
  4.29075227   4.87755556
  9.66423319  10.25103648
 20.95754361  21.54434690
 44.69241155  45.27921484
 94.57538967  95.16219296
172.71782508 200.00000000
  1.11409912   0.25000000
  1.23937662   0.52541875
  1.35665966   1.10425943
  1.40681292   2.32079442
  1.42751665   4.87755556
  1.43548293  10.25103648
  1.43893814  21.54434690
  1.44051391  45.27921484
  1.44124896  95.16219296
  1.44155568 200.00000000
