  1.00000000   0.25000000
  0.66666667   0.52541875
  0.33333333   1.10425943
  0.00000000   2.32079442
  0.00000000   4.87755556
  0.00000000  10.25103648
  0.00000000  21.54434690
  0.00000000  45.27921484
  0.00000000  95.16219296
  0.00000000 200.00000000
  0.24975000   0.25000000
  0.31860469   0.52541875
  0.75273520   1.10425943
  1.66513644   2.32079442
  4.22189758   4.87755556
  9.59537851  10.25103648
 20.88868892  21.54434690
 44.62355687  45.27921484
 94.50653498  95.16219296
172.59192893 200.00000000
  1.12765334   0.25000000
  1.25522823   0.52541875
  1.38046524   1.10425943
  1.42903973   2.32079442
  1.45167404   4.87755556
  1.46010858  10.25103648
  1.46372112  21.54434690
  1.46535958  45.27921484
  1.46612194  95.16219296
  1.46645389 200.00000000
