  1.00000000   0.25000000
  1.00000000   0.52541875
  0.33333333   1.10425943
  0.22222222   2.32079442
  0.22222222   4.87755556
  0.55555556  10.25103648
  0.11111111  21.54434690
  0.11111111  45.27921484
  0.11111111  95.16219296
  0.11111111 200.00000000
  0.25000000   0.25000000
  0.31885469   0.52541875
  0.46356486   1.10425943
  1.37596610   2.32079442
  3.93272724   4.87755556
  3.93272724  10.25103648
  3.93272724  21.54434690
  3.93272724  45.27921484
  3.93272724  95.16219296
 11.79556277 200.00000000
  1.40500095   0.25000000
  1.59731170   0.52541875
  2.02038720   1.10425943
  2.33022739   2.32079442
  2.40982379   4.87755556
  2.62921102  10.25103648
  3.67316822  21.54434690
  6.63388550  45.27921484
 11.64878502  95.16219296
 25.25825211 200.00000000
