  1.00000000   0.25000000
  1.00000000   0.52541875
  0.44444444   1.10425943
  0.33333333   2.32079442
  0.44444444   4.87755556
  0.22222222  10.25103648
  0.11111111  21.54434690
  0.11111111  45.27921484
  0.11111111  95.16219296
  0.11111111 200.00000000
  0.25000000   0.25000000
  0.52541875   0.52541875
  0.52541875   1.10425943
  1.13368624   2.32079442
  1.13368624   4.87755556
  1.13368624  10.25103648
  3.95701384  21.54434690
  3.95701384  45.27921484
  3.95701384  95.16219296
 14.44079455 200.00000000
  1.79322319   0.25000000
  2.02121310   0.52541875
  2.35190753   1.10425943
  2.74013124   2.32079442
  3.18116881   4.87755556
  4.25418543  10.25103648
  6.68188161  21.54434690
 11.59337242  45.27921484
 21.63200783  95.16219296
 47.13515952 200.00000000
