  1.00000000   0.25000000
  1.00000000   0.52541875
  0.22222222   1.10425943
  0.22222222   2.32079442
  0.22222222   4.87755556
  0.11111111  10.25103648
  0.00000000  21.54434690
  0.00000000  45.27921484
  0.00000000  95.16219296
  0.11111111 200.00000000
  0.24975000   0.25000000
  0.38745937   0.52541875
  0.67687972   1.10425943
  1.89341470   2.32079442
  4.45017584   4.87755556
  5.79354608  10.25103648
 14.26352889  21.54434690
 37.99839683  45.27921484
 62.93988589  95.16219296
 80.25140342 200.00000000
  1.34183788   0.25000000
  1.49744076   0.52541875
  1.67155316   1.10425943
  1.75509609   2.32079442
  1.78359215   4.87755556
  1.79571639  10.25103648
  1.80715760  21.54434690
  1.81145831  45.27921484
  1.81423938  95.16219296
  1.81457283 200.00000000
