  1.00000000   0.25000000
  1.00000000   0.52541875
  0.33333333   1.10425943
  0.22222222   2.32079442
  0.22222222   4.87755556
  0.33333333  10.25103648
  0.77777778  21.54434690
  0.11111111  45.27921484
  0.11111111  95.16219296
  0.11111111 200.00000000
  0.25000000   0.25000000
  0.31885469   0.52541875
  0.46356486   1.10425943
  1.37596610   2.32079442
  3.93272724   4.87755556
  3.93272724  10.25103648
  3.93272724  21.54434690
  3.93272724  45.27921484
  3.93272724  95.16219296
 11.79556277 200.00000000
  1.34990208   0.25000000
  1.53693568   0.52541875
  1.95166499   1.10425943
  2.24295811   2.32079442
  2.31661001   4.87755556
  2.49832079  10.25103648
  2.83922525  21.54434690
  5.23521402  45.27921484
  9.31092266  95.16219296
 19.46791928 200.00000000
