  1.00000000   0.25000000
  1.00000000   0.52541875
  0.33333333   1.10425943
  0.33333333   2.32079442
  0.33333333   4.87755556
  0.00000000  10.25103648
  0.00000000  21.54434690
  0.00000000  45.27921484
  0.22222222  95.16219296
  0.11111111 200.00000000
  0.24975000   0.25000000
  0.38745937   0.52541875
  0.67687972   1.10425943
  1.89341470   2.32079442
  4.45017584   4.87755556
  4.45017584  10.25103648
 15.74348626  21.54434690
 39.47835420  45.27921484
 39.47835420  95.16219296
 39.47835420 200.00000000
  1.22512741   0.25000000
  1.36878873   0.52541875
  1.53062119   1.10425943
  1.60037671   2.32079442
  1.62403626   4.87755556
  1.66608275  10.25103648
  1.67961502  21.54434690
  1.68285323  45.27921484
  2.01832401  95.16219296
  5.74162234 200.00000000
