  1.00000000   0.25000000
  0.66666667   0.52541875
  0.33333333   1.10425943
  0.00000000   2.32079442
  0.00000000   4.87755556
  0.22222222  10.25103648
  1.00000000  21.54434690
  0.22222222  45.27921484
  0.11111111  95.16219296
  0.11111111 200.00000000
  0.24975000   0.25000000
  0.31860469   0.52541875
  0.60802503   1.10425943
  1.52042627   2.32079442
  4.07718741   4.87755556
  4.07718741  10.25103648
  4.07718741  21.54434690
  4.07718741  45.27921484
  4.07718741  95.16219296
 11.94002294 200.00000000
  1.40982591   0.25000000
  1.62922229   0.52541875
  1.89954812   1.10425943
  2.05075686   2.32079442
  2.10414883   4.87755556
  2.28472137  10.25103648
  2.45571221  21.54434690
  3.37173926  45.27921484
  6.29874910  95.16219296
 12.07242164 200.00000000
