  1.00000000   0.25000000
  1.00000000   0.52541875
  1.00000000   1.10425943
  0.66666667   2.32079442
  0.33333333   4.87755556
  0.22222222  10.25103648
  0.11111111  21.54434690
  0.11111111  45.27921484
  0.11111111  95.16219296
  0.11111111 200.00000000
  0.25000000   0.25000000
  0.52541875   0.52541875
  0.81483909   1.10425943
  1.11897283   2.32079442
  1.11897283   4.87755556
  2.46234307  10.25103648
  2.46234307  21.54434690
  8.39606005  45.27921484
  8.39606005  95.16219296
 18.87984076 200.00000000
  2.33889553   0.25000000
  2.74235909   0.52541875
  3.06720906   1.10425943
  3.55807994   2.32079442
  4.39799602   4.87755556
  6.31171913  10.25103648
 10.57006320  21.54434690
 19.05812974  45.27921484
 37.41970465  95.16219296
 78.40713995 200.00000000
