  1.00000000   0.25000000
  1.00000000   0.52541875
  0.22222222   1.10425943
  0.22222222   2.32079442
  0.22222222   4.87755556
  0.22222222  10.25103648
  0.00000000  21.54434690
  0.00000000  45.27921484
  0.00000000  95.16219296
  0.00000000 200.00000000
  0.24975000   0.25000000
  0.38745937   0.52541875
  0.67687972   1.10425943
  1.89341470   2.32079442
  4.45017584   4.87755556
  9.82365677  10.25103648
 15.47031198  21.54434690
 39.20517992  45.27921484
 89.08815804  95.16219296
 89.08815804 200.00000000
  1.26552339   0.25000000
  1.41034458   0.52541875
  1.56454491   1.10425943
  1.63750042   2.32079442
  1.66227885   4.87755556
  1.67253075  10.25103648
  1.68052272  21.54434690
  1.68384482  45.27921484
  1.68506052  95.16219296
  1.68503796 200.00000000
