  1.00000000   0.25000000
  1.00000000   0.52541875
  1.00000000   1.10425943
  0.66666667   2.32079442
  0.22222222   4.87755556
  0.11111111  10.25103648
  0.11111111  21.54434690
  0.11111111  45.27921484
  0.11111111  95.16219296
  0.11111111 200.00000000
  0.25000000   0.25000000
  0.52541875   0.52541875
  0.95954926   1.10425943
  1.26368301   2.32079442
  1.26368301   4.87755556
  2.60705324  10.25103648
  5.43038084  21.54434690
 11.36409783  45.27921484
 23.83484236  95.16219296
 36.86047729 200.00000000
  3.51287113   0.25000000
  4.50928299   0.52541875
  5.32524747   1.10425943
  6.33020123   2.32079442
  9.04033427   4.87755556
 15.21455310  10.25103648
 27.75407328  21.54434690
 53.88136250  45.27921484
108.54910687  95.16219296
229.65413648 200.00000000
