  1.00000000   0.25000000
  1.00000000   0.52541875
  0.55555556   1.10425943
  0.22222222   2.32079442
  0.11111111   4.87755556
  0.11111111  10.25103648
  0.11111111  21.54434690
  0.11111111  45.27921484
  0.11111111  95.16219296
  0.11111111 200.00000000
  0.25000000   0.25000000
  0.52541875   0.52541875
  0.95954926   1.10425943
  1.56781675   2.32079442
  2.84619732   4.87755556
  5.53293779  10.25103648
 11.17959299  21.54434690
 23.04702697  45.27921484
 47.98851602  95.16219296
100.71937362 200.00000000
  6.28294036   0.25000000
 10.38869685   0.52541875
 15.71054882   1.10425943
 25.85064766   2.32079442
 48.46125086   4.87755556
 95.10038686  10.25103648
193.55057615  21.54434690
400.18430732  45.27921484
834.61818368  95.16219296
1747.76172609 200.00000000
