  1.00000000   0.25000000
  0.66666667   0.52541875
  0.22222222   1.10425943
  0.00000000   2.32079442
  0.00000000   4.87755556
  0.00000000  10.25103648
  0.00000000  21.54434690
  0.00000000  45.27921484
  0.00000000  95.16219296
  0.00000000 200.00000000
  0.24975000   0.25000000
  0.31860469   0.52541875
  0.75273520   1.10425943
  1.66513644   2.32079442
  4.22189758   4.87755556
  9.59537851  10.25103648
 20.88868892  21.54434690
 44.62355687  45.27921484
 94.50653498  95.16219296
172.59192893 200.00000000
  1.16798837   0.25000000
  1.30503138   0.52541875
  1.44776188   1.10425943
  1.50699774   2.32079442
  1.53219070   4.87755556
  1.54158986  10.25103648
  1.54561740  21.54434690
  1.54744445  45.27921484
  1.54829464  95.16219296
  1.54872566 200.00000000
