  1.00000000   0.25000000
  1.00000000   0.52541875
  0.88888889   1.10425943
  0.55555556   2.32079442
  0.44444444   4.87755556
  0.22222222  10.25103648
  0.11111111  21.54434690
  0.11111111  45.27921484
  0.11111111  95.16219296
  0.11111111 200.00000000
  0.25000000   0.25000000
  0.52541875   0.52541875
  0.67012892   1.10425943
  0.97426266   2.32079442
  1.61345295   4.87755556
  1.61345295  10.25103648
  4.43678055  21.54434690
  4.43678055  45.27921484
 16.90752508  95.16219296
 21.50740405 200.00000000
  2.18150444   0.25000000
  2.52846696   0.52541875
  2.83332537   1.10425943
  3.29111609   2.32079442
  4.00091210   4.87755556
  5.67719550  10.25103648
  9.14943525  21.54434690
 16.78344002  45.27921484
 31.60754806  95.16219296
 67.98239730 200.00000000
