  1.00000000   0.25000000
  1.00000000   0.52541875
  0.33333333   1.10425943
  0.11111111   2.32079442
  0.11111111   4.87755556
  0.22222222  10.25103648
  1.00000000  21.54434690
  0.11111111  45.27921484
  0.11111111  95.16219296
  0.11111111 200.00000000
  0.25000000   0.25000000
  0.31885469   0.52541875
  0.46356486   1.10425943
  1.37596610   2.32079442
  3.93272724   4.87755556
  3.93272724  10.25103648
  3.93272724  21.54434690
  3.93272724  45.27921484
  3.93272724  95.16219296
  9.17461759 200.00000000
  1.30310518   0.25000000
  1.48581210   0.52541875
  1.89384770   1.10425943
  2.17024575   2.32079442
  2.23912642   4.87755556
  2.40655764  10.25103648
  2.58291004  21.54434690
  3.85537029  45.27921484
  7.22849641  95.16219296
 14.53740216 200.00000000
