  1.00000000   0.25000000
  1.00000000   0.52541875
  1.00000000   1.10425943
  0.55555556   2.32079442
  0.22222222   4.87755556
  0.11111111  10.25103648
  0.11111111  21.54434690
  0.11111111  45.27921484
  0.11111111  95.16219296
  0.11111111 200.00000000
  0.25000000   0.25000000
  0.52541875   0.52541875
  0.95954926   1.10425943
  1.26368301   2.32079442
  1.90287329   4.87755556
  3.24624352  10.25103648
  6.06957113  21.54434690
 12.00328811  45.27921484
 24.47403264  95.16219296
 44.54201111 200.00000000
  3.90839676   0.25000000
  5.18250978   0.52541875
  6.28065478   1.10425943
  7.71154966   2.32079442
 11.61854802   4.87755556
 20.11327069  10.25103648
 37.68350575  21.54434690
 74.66414914  45.27921484
151.93104701  95.16219296
318.50854956 200.00000000
