  1.00000000   0.25000000
  1.00000000   0.52541875
  0.11111111   1.10425943
  0.11111111   2.32079442
  0.11111111   4.87755556
  0.11111111  10.25103648
  0.00000000  21.54434690
  0.00000000  45.27921484
  0.00000000  95.16219296
  0.00000000 200.00000000
  0.24975000   0.25000000
  0.38745937   0.52541875
  0.67687972   1.10425943
  1.89341470   2.32079442
  4.45017584   4.87755556
  9.82365677  10.25103648
 15.47031198  21.54434690
 39.20517992  45.27921484
 89.08815804  95.16219296
 89.08815804 200.00000000
  1.18252055   0.25000000
  1.31638940   0.52541875
  1.44974769   1.10425943
  1.51217627   2.32079442
  1.53328262   4.87755556
  1.54200095  10.25103648
  1.54671905  21.54434690
  1.54953275  45.27921484
  1.55056218  95.16219296
  1.55055390 200.00000000
