  1.00000000   0.25000000
  1.00000000   0.52541875
  0.33333333   1.10425943
  0.22222222   2.32079442
  0.22222222   4.87755556
  0.44444444  10.25103648
  0.22222222  21.54434690
  0.11111111  45.27921484
  0.11111111  95.16219296
  0.11111111 200.00000000
  0.25000000   0.25000000
  0.31885469   0.52541875
  0.46356486   1.10425943
  1.37596610   2.32079442
  3.93272724   4.87755556
  3.93272724  10.25103648
  3.93272724  21.54434690
  3.93272724  45.27921484
  3.93272724  95.16219296
 11.79556277 200.00000000
  1.38852404   0.25000000
  1.57927684   0.52541875
  1.99980239   1.10425943
  2.30397064   2.32079442
  2.38175344   4.87755556
  2.57554522  10.25103648
  3.36966369  21.54434690
  6.26505480  45.27921484
 10.93749573  95.16219296
 23.55356879 200.00000000
