  1.00000000   0.25000000
  0.66666667   0.52541875
  0.11111111   1.10425943
  0.11111111   2.32079442
  0.11111111   4.87755556
  0.11111111  10.25103648
  0.00000000  21.54434690
  0.00000000  45.27921484
  0.00000000  95.16219296
  0.00000000 200.00000000
  0.24975000   0.25000000
  0.31860469   0.52541875
  0.75273520   1.10425943
  1.96927019   2.32079442
  4.52603133   4.87755556
  9.89951225  10.25103648
 15.54616746  21.54434690
 39.28103541  45.27921484
 89.16401352  95.16219296
 89.16401352 200.00000000
  1.10645906   0.25000000
  1.23129217   0.52541875
  1.34803337   1.10425943
  1.39430962   2.32079442
  1.41124323   4.87755556
  1.41844535  10.25103648
  1.42443430  21.54434690
  1.42680409  45.27921484
  1.42767444  95.16219296
  1.42766717 200.00000000
