  1.00000000   0.25000000
  1.00000000   0.52541875
  1.00000000   1.10425943
  0.66666667   2.32079442
  0.33333333   4.87755556
  0.22222222  10.25103648
  0.11111111  21.54434690
  0.11111111  45.27921484
  0.11111111  95.16219296
  0.11111111 200.00000000
  0.25000000   0.25000000
  0.52541875   0.52541875
  0.81483909   1.10425943
  1.11897283   2.32079442
  1.11897283   4.87755556
  2.46234307  10.25103648
  2.46234307  21.54434690
  8.39606005  45.27921484
  8.39606005  95.16219296
 18.87984076 200.00000000
  2.51348801   0.25000000
  2.98551297   0.52541875
  3.35287998   1.10425943
  3.87593587   2.32079442
  4.87473793   4.87755556
  7.20549332  10.25103648
 12.13171782  21.54434690
 22.45199394  45.27921484
 43.63459193  95.16219296
 92.15755269 200.00000000
