  1.00000000   0.25000000
  1.00000000   0.52541875
  0.33333333   1.10425943
  0.22222222   2.32079442
  0.22222222   4.87755556
  0.44444444  10.25103648
  0.22222222  21.54434690
  0.11111111  45.27921484
  0.11111111  95.16219296
  0.11111111 200.00000000
  0.25000000   0.25000000
  0.31885469   0.52541875
  0.46356486   1.10425943
  1.37596610   2.32079442
  3.93272724   4.87755556
  3.93272724  10.25103648
  3.93272724  21.54434690
  3.93272724  45.27921484
  3.93272724  95.16219296
 11.79556277 200.00000000
  1.42414389   0.25000000
  1.61803635   0.52541875
  2.04380970   1.10425943
  2.36011856   2.32079442
  2.44180591   4.87755556
  2.73662272  10.25103648
  4.03775940  21.54434690
  7.01119850  45.27921484
 12.48404953  95.16219296
 27.17062161 200.00000000
