  1.00000000   0.25000000
  1.00000000   0.52541875
  0.33333333   1.10425943
  0.11111111   2.32079442
  0.11111111   4.87755556
  0.22222222  10.25103648
  1.00000000  21.54434690
  0.11111111  45.27921484
  0.11111111  95.16219296
  0.11111111 200.00000000
  0.25000000   0.25000000
  0.31885469   0.52541875
  0.46356486   1.10425943
  1.37596610   2.32079442
  3.93272724   4.87755556
  3.93272724  10.25103648
  3.93272724  21.54434690
  3.93272724  45.27921484
  3.93272724  95.16219296
  9.17461759 200.00000000
  1.32279952   0.25000000
  1.50732043   0.52541875
  1.91817079   1.10425943
  2.20076550   2.32079442
  2.27162873   4.87755556
  2.44697423  10.25103648
  2.66033479  21.54434690
  4.42653809  45.27921484
  8.13920043  95.16219296
 16.59825250 200.00000000
