  1.00000000   0.25000000
  1.00000000   0.52541875
  0.00000000   1.10425943
  0.00000000   2.32079442
  0.00000000   4.87755556
  0.00000000  10.25103648
  0.00000000  21.54434690
  0.00000000  45.27921484
  0.00000000  95.16219296
  0.00000000 200.00000000
  0.24975000   0.25000000
  0.38745937   0.52541875
  0.67687972   1.10425943
  1.89341470   2.32079442
  4.45017584   4.87755556
  9.82365677  10.25103648
 15.47031198  21.54434690
 39.20517992  45.27921484
 89.08815804  95.16219296
 89.08815804 200.00000000
  1.20633706   0.25000000
  1.34325858   0.52541875
  1.48248246   1.10425943
  1.54782563   2.32079442
  1.56994615   4.87755556
  1.57908765  10.25103648
  1.58446032  21.54434690
  1.58741313  45.27921484
  1.58849354  95.16219296
  1.58848501 200.00000000
