  1.00000000   0.25000000
  0.77777778   0.52541875
  0.22222222   1.10425943
  0.22222222   2.32079442
  0.22222222   4.87755556
  0.00000000  10.25103648
  0.00000000  21.54434690
  0.00000000  45.27921484
  1.00000000  95.16219296
  0.11111111 200.00000000
  0.24975000   0.25000000
  0.31860469   0.52541875
  0.60802503   1.10425943
  1.82456002   2.32079442
  4.38132116   4.87755556
  4.38132116  10.25103648
 15.67463157  21.54434690
 15.67463157  45.27921484
 15.67463157  95.16219296
 15.67463157 200.00000000
  1.18573423   0.25000000
  1.32518332   0.52541875
  1.48040146   1.10425943
  1.55619088   2.32079442
  1.57977978   4.87755556
  1.59888972  10.25103648
  1.61160180  21.54434690
  1.61647384  45.27921484
  1.63244742  95.16219296
  3.59122506 200.00000000
