  1.00000000   0.25000000
  1.00000000   0.52541875
  0.33333333   1.10425943
  0.22222222   2.32079442
  0.22222222   4.87755556
  0.33333333  10.25103648
  1.00000000  21.54434690
  0.11111111  45.27921484
  0.11111111  95.16219296
  0.11111111 200.00000000
  0.25000000   0.25000000
  0.31885469   0.52541875
  0.46356486   1.10425943
  1.37596610   2.32079442
  3.93272724   4.87755556
  3.93272724  10.25103648
  3.93272724  21.54434690
  3.93272724  45.27921484
  3.93272724  95.16219296
  9.17461759 200.00000000
  1.33982099   0.25000000
  1.52591397   0.52541875
  1.93919513   1.10425943
  2.22722831   2.32079442
  2.29983407   4.87755556
  2.47991103  10.25103648
  2.75763161  21.54434690
  4.93695750  45.27921484
  8.88311671  95.16219296
 18.39497559 200.00000000
