  1.00000000   0.25000000
  1.00000000   0.52541875
  0.33333333   1.10425943
  0.11111111   2.32079442
  0.44444444   4.87755556
  0.22222222  10.25103648
  0.11111111  21.54434690
  0.11111111  45.27921484
  0.11111111  95.16219296
  0.11111111 200.00000000
  0.25000000   0.25000000
  0.38770937   0.52541875
  0.53241954   1.10425943
  1.14068704   2.32079442
  1.14068704   4.87755556
  1.14068704  10.25103648
  3.96401464  21.54434690
  3.96401464  45.27921484
  3.96401464  95.16219296
 14.44779535 200.00000000
  1.59495399   0.25000000
  1.78476907   0.52541875
  2.18974990   1.10425943
  2.54300745   2.32079442
  2.82364457   4.87755556
  3.67179114  10.25103648
  5.46052123  21.54434690
  9.84414530  45.27921484
 17.06116154  95.16219296
 38.22052489 200.00000000
