  1.00000000   0.25000000
  1.00000000   0.52541875
  0.33333333   1.10425943
  0.00000000   2.32079442
  0.00000000   4.87755556
  0.00000000  10.25103648
  0.00000000  21.54434690
  1.00000000  45.27921484
  0.11111111  95.16219296
  0.11111111 200.00000000
  0.24975000   0.25000000
  0.38745937   0.52541875
  0.67687972   1.10425943
  1.58928095   2.32079442
  4.14604210   4.87755556
  4.14604210  10.25103648
 15.43935251  21.54434690
 15.43935251  45.27921484
 15.43935251  95.16219296
 15.43935251 200.00000000
  1.23866405   0.25000000
  1.38387820   0.52541875
  1.54750035   1.10425943
  1.61906615   2.32079442
  1.65016680   4.87755556
  1.68657262  10.25103648
  1.70176354  21.54434690
  1.73862953  45.27921484
  3.33748632  95.16219296
  6.57797390 200.00000000
