  1.00000000   0.25000000
  1.00000000   0.52541875
  0.33333333   1.10425943
  0.33333333   2.32079442
  0.33333333   4.87755556
  0.00000000  10.25103648
  0.00000000  21.54434690
  0.00000000  45.27921484
  1.00000000  95.16219296
  0.11111111 200.00000000
  0.24975000   0.25000000
  0.38745937   0.52541875
  0.67687972   1.10425943
  1.89341470   2.32079442
  4.45017584   4.87755556
  4.45017584  10.25103648
 15.74348626  21.54434690
 15.74348626  45.27921484
 15.74348626  95.16219296
 15.74348626 200.00000000
  1.20308952   0.25000000
  1.34433682   0.52541875
  1.50359508   1.10425943
  1.57085488   2.32079442
  1.59364338   4.87755556
  1.62343752  10.25103648
  1.63628324  21.54434690
  1.64413803  45.27921484
  1.72804377  95.16219296
  4.41276245 200.00000000
