  1.00000000   0.25000000
  1.00000000   0.52541875
  0.33333333   1.10425943
  0.00000000   2.32079442
  0.00000000   4.87755556
  0.22222222  10.25103648
  1.00000000  21.54434690
  0.22222222  45.27921484
  0.11111111  95.16219296
  0.11111111 200.00000000
  0.24975000   0.25000000
  0.38745937   0.52541875
  0.67687972   1.10425943
  1.58928095   2.32079442
  4.14604210   4.87755556
  4.14604210  10.25103648
  4.14604210  21.54434690
  4.14604210  45.27921484
  4.14604210  95.16219296
 12.00887763 200.00000000
  1.44727018   0.25000000
  1.62093119   0.52541875
  1.81933998   1.10425943
  1.92977781   2.32079442
  1.97412425   4.87755556
  2.08169270  10.25103648
  2.27344118  21.54434690
  3.17127466  45.27921484
  5.94873819  95.16219296
 10.57845985 200.00000000
