  1.00000000   0.25000000
  1.00000000   0.52541875
  0.33333333   1.10425943
  0.00000000   2.32079442
  0.00000000   4.87755556
  0.00000000  10.25103648
  0.00000000  21.54434690
  1.00000000  45.27921484
  0.11111111  95.16219296
  0.11111111 200.00000000
  0.24975000   0.25000000
  0.38745937   0.52541875
  0.67687972   1.10425943
  1.58928095   2.32079442
  4.14604210   4.87755556
  4.14604210  10.25103648
 15.43935251  21.54434690
 15.43935251  45.27921484
 15.43935251  95.16219296
 15.43935251 200.00000000
  1.25394965   0.25000000
  1.40094543   0.52541875
  1.56663711   1.10425943
  1.64059265   2.32079442
  1.67253396   4.87755556
  1.71316709  10.25103648
  1.72884309  21.54434690
  1.85018646  45.27921484
  3.91371706  95.16219296
  6.93098417 200.00000000
