  1.00000000   0.25000000
  0.77777778   0.52541875
  0.11111111   1.10425943
  0.11111111   2.32079442
  0.11111111   4.87755556
  0.11111111  10.25103648
  0.00000000  21.54434690
  0.00000000  45.27921484
  0.00000000  95.16219296
  0.11111111 200.00000000
  0.24975000   0.25000000
  0.31860469   0.52541875
  0.60802503   1.10425943
  1.82456002   2.32079442
  4.38132116   4.87755556
  9.75480208  10.25103648
 15.40145729  21.54434690
 39.13632523  45.27921484
 89.01930335  95.16219296
 89.01930335 200.00000000
  1.17024584   0.25000000
  1.30888708   0.52541875
  1.45844200   1.10425943
  1.53194384   2.32079442
  1.55479799   4.87755556
  1.56396981  10.25103648
  1.57070298  21.54434690
  1.57362283  45.27921484
  1.57468723  95.16219296
  1.57516992 200.00000000
