  1.00000000   0.25000000
  1.00000000   0.52541875
  1.00000000   1.10425943
  0.77777778   2.32079442
  0.22222222   4.87755556
  0.11111111  10.25103648
  0.11111111  21.54434690
  0.11111111  45.27921484
  0.11111111  95.16219296
  0.11111111 200.00000000
  0.25000000   0.25000000
  0.52541875   0.52541875
  0.95954926   1.10425943
  1.26368301   2.32079442
  1.26368301   4.87755556
  2.60705324  10.25103648
  2.60705324  21.54434690
  8.54077022  45.27921484
 21.01151475  95.16219296
 26.74468667 200.00000000
  2.93454148   0.25000000
  3.59885630   0.52541875
  4.10707002   1.10425943
  4.75915933   2.32079442
  6.30973707   4.87755556
  9.88225363  10.25103648
 17.15731533  21.54434690
 32.71952406  45.27921484
 64.39506938  95.16219296
138.46249658 200.00000000
