  1.00000000   0.25000000
  0.55555556   0.52541875
  0.33333333   1.10425943
  0.00000000   2.32079442
  0.00000000   4.87755556
  0.22222222  10.25103648
  1.00000000  21.54434690
  0.11111111  45.27921484
  0.11111111  95.16219296
  0.11111111 200.00000000
  0.25000000   0.25000000
  0.25000000   0.52541875
  0.53942034   1.10425943
  1.14768784   2.32079442
  3.70444898   4.87755556
  3.70444898  10.25103648
  3.70444898  21.54434690
  3.70444898  45.27921484
  3.70444898  95.16219296
  8.94633933 200.00000000
  1.28426830   0.25000000
  1.46520299   0.52541875
  1.85899905   1.10425943
  2.13478541   2.32079442
  2.22029789   4.87755556
  2.37948542  10.25103648
  2.54567225  21.54434690
  3.47405641  45.27921484
  6.48829786  95.16219296
 12.97372856 200.00000000
