  1.00000000   0.25000000
  1.00000000   0.52541875
  1.00000000   1.10425943
  0.66666667   2.32079442
  0.22222222   4.87755556
  0.22222222  10.25103648
  0.11111111  21.54434690
  0.11111111  45.27921484
  0.11111111  95.16219296
  0.11111111 200.00000000
  0.25000000   0.25000000
  0.52541875   0.52541875
  0.81483909   1.10425943
  1.11897283   2.32079442
  1.11897283   4.87755556
  2.46234307  10.25103648
  2.46234307  21.54434690
  8.39606005  45.27921484
  8.39606005  95.16219296
 18.87984076 200.00000000
  2.70988075   0.25000000
  3.26672220   0.52541875
  3.69199693   1.10425943
  4.26608911   2.32079442
  5.48865961   4.87755556
  8.35933051  10.25103648
 14.21540731  21.54434690
 26.87912619  45.27921484
 52.06884195  95.16219296
111.06363127 200.00000000
