  1.00000000   0.25000000
  0.77777778   0.52541875
  0.22222222   1.10425943
  0.22222222   2.32079442
  0.22222222   4.87755556
  0.00000000  10.25103648
  0.00000000  21.54434690
  0.00000000  45.27921484
  0.00000000  95.16219296
  0.11111111 200.00000000
  0.24975000   0.25000000
  0.31860469   0.52541875
  0.60802503   1.10425943
  1.82456002   2.32079442
  4.38132116   4.87755556
  4.38132116  10.25103648
 15.67463157  21.54434690
 15.67463157  45.27921484
 65.55760969  95.16219296
 65.55760969 200.00000000
  1.17926412   0.25000000
  1.31871068   0.52541875
  1.47323114   1.10425943
  1.54826957   2.32079442
  1.57161713   4.87755556
  1.59032960  10.25103648
  1.60290539  21.54434690
  1.60681158  45.27921484
  1.61058036  95.16219296
  2.26648744 200.00000000
