  1.00000000   0.25000000
  1.00000000   0.52541875
  0.33333333   1.10425943
  0.00000000   2.32079442
  0.00000000   4.87755556
  0.00000000  10.25103648
  1.00000000  21.54434690
  0.11111111  45.27921484
  0.11111111  95.16219296
  0.11111111 200.00000000
  0.24975000   0.25000000
  0.38745937   0.52541875
  0.67687972   1.10425943
  1.58928095   2.32079442
  4.14604210   4.87755556
  4.14604210  10.25103648
  4.14604210  21.54434690
  4.14604210  45.27921484
  4.14604210  95.16219296
 14.62982280 200.00000000
  1.29012497   0.25000000
  1.44145089   0.52541875
  1.61221367   1.10425943
  1.69201269   2.32079442
  1.72600835   4.87755556
  1.77502063  10.25103648
  1.79360364  21.54434690
  2.62884177  45.27921484
  5.06701672  95.16219296
  7.60812942 200.00000000
