  1.00000000   0.25000000
  1.00000000   0.52541875
  0.22222222   1.10425943
  0.00000000   2.32079442
  0.00000000   4.87755556
  0.00000000  10.25103648
  0.00000000  21.54434690
  0.00000000  45.27921484
  0.00000000  95.16219296
  0.00000000 200.00000000
  0.24975000   0.25000000
  0.38745937   0.52541875
  0.67687972   1.10425943
  1.58928095   2.32079442
  4.14604210   4.87755556
  9.51952302  10.25103648
 20.81283344  21.54434690
 38.61398440  45.27921484
 88.49696251  95.16219296
 88.49696251 200.00000000
  1.38684435   0.25000000
  1.54900781   0.52541875
  1.73409468   1.10425943
  1.82869539   2.32079442
  1.86846987   4.87755556
  1.88283889  10.25103648
  1.88892056  21.54434690
  1.89260980  45.27921484
  1.89417974  95.16219296
  1.89438299 200.00000000
