  1.00000000   0.25000000
  1.00000000   0.52541875
  0.33333333   1.10425943
  0.22222222   2.32079442
  0.22222222   4.87755556
  0.33333333  10.25103648
  0.22222222  21.54434690
  0.11111111  45.27921484
  0.11111111  95.16219296
  0.11111111 200.00000000
  0.25000000   0.25000000
  0.31885469   0.52541875
  0.46356486   1.10425943
  1.37596610   2.32079442
  3.93272724   4.87755556
  3.93272724  10.25103648
  3.93272724  21.54434690
  3.93272724  45.27921484
  3.93272724  95.16219296
 11.79556277 200.00000000
  1.37405395   0.25000000
  1.56339648   0.52541875
  1.98169494   1.10425943
  2.28095697   2.32079442
  2.35716794   4.87755556
  2.54292253  10.25103648
  3.13563424  21.54434690
  5.90467907  45.27921484
 10.32403653  95.16219296
 22.03214286 200.00000000
