  1.00000000   0.25000000
  1.00000000   0.52541875
  0.33333333   1.10425943
  0.00000000   2.32079442
  0.00000000   4.87755556
  0.00000000  10.25103648
  0.00000000  21.54434690
  0.00000000  45.27921484
  0.00000000  95.16219296
  0.11111111 200.00000000
  0.24975000   0.25000000
  0.38745937   0.52541875
  0.67687972   1.10425943
  1.58928095   2.32079442
  4.14604210   4.87755556
  9.51952302  10.25103648
 15.16617823  21.54434690
 38.90104617  45.27921484
 88.78402429  95.16219296
 88.78402429 200.00000000
  1.43596561   0.25000000
  1.60544444   0.52541875
  1.80164932   1.10425943
  1.91143247   2.32079442
  1.95493027   4.87755556
  1.97066546  10.25103648
  1.97963205  21.54434690
  1.98437315  45.27921484
  1.98608079  95.16219296
  1.98598657 200.00000000
