  1.00000000   0.25000000
  1.00000000   0.52541875
  1.00000000   1.10425943
  0.77777778   2.32079442
  0.22222222   4.87755556
  0.11111111  10.25103648
  0.11111111  21.54434690
  0.11111111  45.27921484
  0.11111111  95.16219296
  0.11111111 200.00000000
  0.25000000   0.25000000
  0.52541875   0.52541875
  0.95954926   1.10425943
  1.26368301   2.32079442
  1.26368301   4.87755556
  2.60705324  10.25103648
  5.43038084  21.54434690
  5.43038084  45.27921484
 17.90112537  95.16219296
 32.52389314 200.00000000
  3.19687047   0.25000000
  4.00154887   0.52541875
  4.63590198   1.10425943
  5.41597144   2.32079442
  7.41790334   4.87755556
 12.05450531  10.25103648
 21.43404877  21.54434690
 40.73753270  45.27921484
 83.31864448  95.16219296
174.54377734 200.00000000
