  1.00000000   0.25000000
  1.00000000   0.52541875
  0.77777778   1.10425943
  0.55555556   2.32079442
  0.33333333   4.87755556
  0.22222222  10.25103648
  0.11111111  21.54434690
  0.11111111  45.27921484
  0.11111111  95.16219296
  0.11111111 200.00000000
  0.25000000   0.25000000
  0.52541875   0.52541875
  0.67012892   1.10425943
  0.97426266   2.32079442
  0.97426266   4.87755556
  2.31763289  10.25103648
  2.31763289  21.54434690
  8.25134988  45.27921484
  8.25134988  95.16219296
 18.73513058 200.00000000
  2.03923256   0.25000000
  2.33930236   0.52541875
  2.64003169   1.10425943
  3.07019397   2.32079442
  3.67171569   4.87755556
  5.11063463  10.25103648
  8.21620642  21.54434690
 14.49065737  45.27921484
 28.10539478  95.16219296
 59.38553302 200.00000000
