  1.00000000   0.25000000
  1.00000000   0.52541875
  0.44444444   1.10425943
  0.22222222   2.32079442
  0.44444444   4.87755556
  0.22222222  10.25103648
  0.11111111  21.54434690
  0.11111111  45.27921484
  0.11111111  95.16219296
  0.11111111 200.00000000
  0.25000000   0.25000000
  0.52541875   0.52541875
  0.52541875   1.10425943
  1.13368624   2.32079442
  1.13368624   4.87755556
  1.13368624  10.25103648
  3.95701384  21.54434690
  3.95701384  45.27921484
  3.95701384  95.16219296
 14.44079455 200.00000000
  1.68802468   0.25000000
  1.88855374   0.52541875
  2.25763682   1.10425943
  2.62549642   2.32079442
  2.99081794   4.87755556
  3.93622940  10.25103648
  6.02181761  21.54434690
 10.65910530  45.27921484
 19.04119940  95.16219296
 42.34885319 200.00000000
