  1.00000000   0.25000000
  1.00000000   0.52541875
  0.66666667   1.10425943
  0.55555556   2.32079442
  0.33333333   4.87755556
  0.22222222  10.25103648
  0.11111111  21.54434690
  0.11111111  45.27921484
  0.11111111  95.16219296
  0.11111111 200.00000000
  0.25000000   0.25000000
  0.52541875   0.52541875
  0.67012892   1.10425943
  0.97426266   2.32079442
  0.97426266   4.87755556
  2.31763289  10.25103648
  2.31763289  21.54434690
  8.25134988  45.27921484
  8.25134988  95.16219296
 18.73513058 200.00000000
  1.91032767   0.25000000
  2.17123336   0.52541875
  2.47785068   1.10425943
  2.88666103   2.32079442
  3.39910580   4.87755556
  4.64158222  10.25103648
  7.45319049  21.54434690
 12.68773462  45.27921484
 25.15548745  95.16219296
 52.65034350 200.00000000
