  1.00000000   0.25000000
  1.00000000   0.52541875
  0.33333333   1.10425943
  0.22222222   2.32079442
  1.00000000   4.87755556
  0.22222222  10.25103648
  0.22222222  21.54434690
  0.11111111  45.27921484
  0.11111111  95.16219296
  0.11111111 200.00000000
  0.25000000   0.25000000
  0.31885469   0.52541875
  0.46356486   1.10425943
  1.37596610   2.32079442
  1.37596610   4.87755556
  1.37596610  10.25103648
  1.37596610  21.54434690
  7.30968308  45.27921484
  7.30968308  95.16219296
 12.55157344 200.00000000
  1.47771602   0.25000000
  1.67318887   0.52541875
  2.10179483   1.10425943
  2.43224901   2.32079442
  2.56115441   4.87755556
  3.28594692  10.25103648
  4.66424700  21.54434690
  7.91203678  45.27921484
 14.88345294  95.16219296
 31.77081002 200.00000000
