  1.00000000   0.25000000
  1.00000000   0.52541875
  0.22222222   1.10425943
  0.00000000   2.32079442
  0.00000000   4.87755556
  0.00000000  10.25103648
  0.00000000  21.54434690
  0.00000000  45.27921484
  0.00000000  95.16219296
  0.11111111 200.00000000
  0.24975000   0.25000000
  0.38745937   0.52541875
  0.82158989   1.10425943
  1.73399113   2.32079442
  4.29075227   4.87755556
  9.66423319  10.25103648
 20.95754361  21.54434690
 44.69241155  45.27921484
 94.57538967  95.16219296
172.71782508 200.00000000
  1.10590902   0.25000000
  1.23006879   0.52541875
  1.34440339   1.10425943
  1.39178096   2.32079442
  1.41204143   4.87755556
  1.41983545  10.25103648
  1.42321566  21.54434690
  1.42475717  45.27921484
  1.42547622  95.16219296
  1.42577049 200.00000000
