  1.00000000   0.25000000
  1.00000000   0.52541875
  0.33333333   1.10425943
  0.33333333   2.32079442
  0.33333333   4.87755556
  0.00000000  10.25103648
  0.00000000  21.54434690
  0.11111111  45.27921484
  0.66666667  95.16219296
  0.11111111 200.00000000
  0.24975000   0.25000000
  0.38745937   0.52541875
  0.67687972   1.10425943
  1.89341470   2.32079442
  4.45017584   4.87755556
  4.45017584  10.25103648
 15.74348626  21.54434690
 21.67720325  45.27921484
 21.67720325  95.16219296
 21.67720325 200.00000000
  1.21325685   0.25000000
  1.35560093   0.52541875
  1.51603805   1.10425943
  1.58444099   2.32079442
  1.60762829   4.87755556
  1.64178340  10.25103648
  1.65492227  21.54434690
  1.66148184  45.27921484
  1.80730381  95.16219296
  4.94249046 200.00000000
