  1.00000000   0.25000000
  1.00000000   0.52541875
  0.33333333   1.10425943
  0.22222222   2.32079442
  0.22222222   4.87755556
  0.22222222  10.25103648
  1.00000000  21.54434690
  0.11111111  45.27921484
  0.11111111  95.16219296
  0.11111111 200.00000000
  0.25000000   0.25000000
  0.31885469   0.52541875
  0.46356486   1.10425943
  1.37596610   2.32079442
  3.93272724   4.87755556
  3.93272724  10.25103648
  3.93272724  21.54434690
  3.93272724  45.27921484
  3.93272724  95.16219296
  9.17461759 200.00000000
  1.33084227   0.25000000
  1.51610493   0.52541875
  1.92810466   1.10425943
  2.21325792   2.32079442
  2.28494103   4.87755556
  2.46283743  10.25103648
  2.70133668  21.54434690
  4.66746083  45.27921484
  8.49472521  95.16219296
 17.44466439 200.00000000
