  1.00000000   0.25000000
  0.66666667   0.52541875
  0.22222222   1.10425943
  0.22222222   2.32079442
  0.22222222   4.87755556
  0.22222222  10.25103648
  0.00000000  21.54434690
  0.00000000  45.27921484
  0.00000000  95.16219296
  0.00000000 200.00000000
  0.24975000   0.25000000
  0.31860469   0.52541875
  0.75273520   1.10425943
  1.96927019   2.32079442
  4.52603133   4.87755556
  9.89951225  10.25103648
 15.54616746  21.54434690
 39.28103541  45.27921484
 89.16401352  95.16219296
 89.16401352 200.00000000
  1.10820007   0.25000000
  1.23319606   0.52541875
  1.35215501   1.10425943
  1.39871957   2.32079442
  1.41576112   4.87755556
  1.42300954  10.25103648
  1.42982990  21.54434690
  1.43221768  45.27921484
  1.43309465  95.16219296
  1.43308757 200.00000000
