  1.00000000   0.25000000
  1.00000000   0.52541875
  1.00000000   1.10425943
  0.33333333   2.32079442
  0.11111111   4.87755556
  0.11111111  10.25103648
  0.11111111  21.54434690
  0.11111111  45.27921484
  0.11111111  95.16219296
  0.11111111 200.00000000
  0.25000000   0.25000000
  0.52541875   0.52541875
  0.95954926   1.10425943
  1.26368301   2.32079442
  1.90287329   4.87755556
  3.24624352  10.25103648
  6.06957113  21.54434690
 12.00328811  45.27921484
 24.47403264  95.16219296
 51.23133727 200.00000000
  4.42752239   0.25000000
  6.13657805   0.52541875
  7.72339864   1.10425943
 10.03263467   2.32079442
 16.15318443   4.87755556
 28.80338109  10.25103648
 55.47515901  21.54434690
110.89833914  45.27921484
227.98793358  95.16219296
478.27114791 200.00000000
