  1.00000000   0.25000000
  1.00000000   0.52541875
  0.33333333   1.10425943
  0.00000000   2.32079442
  0.00000000   4.87755556
  0.00000000  10.25103648
  1.00000000  21.54434690
  0.11111111  45.27921484
  0.11111111  95.16219296
  0.11111111 200.00000000
  0.24975000   0.25000000
  0.38745937   0.52541875
  0.67687972   1.10425943
  1.58928095   2.32079442
  4.14604210   4.87755556
  4.14604210  10.25103648
  4.14604210  21.54434690
  4.14604210  45.27921484
  4.14604210  95.16219296
 14.62982280 200.00000000
  1.31120657   0.25000000
  1.46513089   0.52541875
  1.63895685   1.10425943
  1.72227656   2.32079442
  1.75751188   4.87755556
  1.81093915  10.25103648
  1.85573632  21.54434690
  2.71455243  45.27921484
  5.19904968  95.16219296
  7.99240455 200.00000000
