  1.00000000   0.25000000
  1.00000000   0.52541875
  0.11111111   1.10425943
  0.11111111   2.32079442
  0.11111111   4.87755556
  0.11111111  10.25103648
  0.00000000  21.54434690
  0.00000000  45.27921484
  0.00000000  95.16219296
  0.00000000 200.00000000
  0.24975000   0.25000000
  0.38745937   0.52541875
  0.67687972   1.10425943
  1.89341470   2.32079442
  4.45017584   4.87755556
  9.82365677  10.25103648
 15.47031198  21.54434690
 39.20517992  45.27921484
 89.08815804  95.16219296
 89.08815804 200.00000000
  1.30139858   0.25000000
  1.45120276   0.52541875
  1.61486117   1.10425943
  1.69270140   2.32079442
  1.71919209   4.87755556
  1.73016034  10.25103648
  1.74039899  21.54434690
  1.74396228  45.27921484
  1.74526637  95.16219296
  1.74522667 200.00000000
