  1.00000000   0.25000000
  1.00000000   0.52541875
  0.33333333   1.10425943
  0.22222222   2.32079442
  0.00000000   4.87755556
  0.33333333  10.25103648
  0.22222222  21.54434690
  0.11111111  45.27921484
  0.11111111  95.16219296
  0.11111111 200.00000000
  0.25000000   0.25000000
  0.31885469   0.52541875
  0.46356486   1.10425943
  1.37596610   2.32079442
  3.29353695   4.87755556
  3.29353695  10.25103648
  3.29353695  21.54434690
  3.29353695  45.27921484
  3.29353695  95.16219296
 13.77731766 200.00000000
  1.44725029   0.25000000
  1.64252121   0.52541875
  2.07055796   1.10425943
  2.39366026   2.32079442
  2.47926446   4.87755556
  2.98324992  10.25103648
  4.39538818  21.54434690
  7.42576531  45.27921484
 13.46960789  95.16219296
 29.34037060 200.00000000
