  1.00000000   0.25000000
  0.77777778   0.52541875
  0.22222222   1.10425943
  0.22222222   2.32079442
  0.22222222   4.87755556
  0.00000000  10.25103648
  0.00000000  21.54434690
  0.00000000  45.27921484
  0.00000000  95.16219296
  0.55555556 200.00000000
  0.24975000   0.25000000
  0.31860469   0.52541875
  0.60802503   1.10425943
  1.82456002   2.32079442
  4.38132116   4.87755556
  4.38132116  10.25103648
 15.67463157  21.54434690
 39.40949952  45.27921484
 89.29247763  95.16219296
 89.29247763 200.00000000
  1.17493479   0.25000000
  1.31398752   0.52541875
  1.46778137   1.10425943
  1.54225163   2.32079442
  1.56541668   4.87755556
  1.58349523  10.25103648
  1.59596274  21.54434690
  1.59890415  45.27921484
  1.59999207  95.16219296
  1.70080002 200.00000000
