  1.00000000   0.25000000
  1.00000000   0.52541875
  0.88888889   1.10425943
  0.22222222   2.32079442
  0.11111111   4.87755556
  0.11111111  10.25103648
  0.11111111  21.54434690
  0.11111111  45.27921484
  0.11111111  95.16219296
  0.11111111 200.00000000
  0.25000000   0.25000000
  0.52541875   0.52541875
  0.95954926   1.10425943
  1.26368301   2.32079442
  1.90287329   4.87755556
  4.58961375  10.25103648
  7.41294136  21.54434690
 19.28037533  45.27921484
 31.75111986  95.16219296
 66.54652625 200.00000000
  5.15617189   0.25000000
  7.63127815   0.52541875
 10.22025333   1.10425943
 14.54275255   2.32079442
 24.96001803   4.87755556
 46.36841313  10.25103648
 92.17727126  21.54434690
185.07665198  45.27921484
389.14074175  95.16219296
812.20674872 200.00000000
