  1.00000000   0.25000000
  1.00000000   0.52541875
  0.33333333   1.10425943
  0.11111111   2.32079442
  0.11111111   4.87755556
  0.22222222  10.25103648
  1.00000000  21.54434690
  0.11111111  45.27921484
  0.11111111  95.16219296
  0.11111111 200.00000000
  0.25000000   0.25000000
  0.31885469   0.52541875
  0.46356486   1.10425943
  1.37596610   2.32079442
  3.93272724   4.87755556
  3.93272724  10.25103648
  3.93272724  21.54434690
  3.93272724  45.27921484
  3.93272724  95.16219296
  9.17461759 200.00000000
  1.29185314   0.25000000
  1.47074316   0.52541875
  1.87254381   1.10425943
  2.14451937   2.32079442
  2.21175139   4.87755556
  2.40051552  10.25103648
  2.54898083  21.54434690
  3.58592659  45.27921484
  6.71802948  95.16219296
 13.45291485 200.00000000
