  1.00000000   0.25000000
  0.55555556   0.52541875
  0.33333333   1.10425943
  0.00000000   2.32079442
  0.00000000   4.87755556
  0.22222222  10.25103648
  1.00000000  21.54434690
  0.11111111  45.27921484
  0.11111111  95.16219296
  0.11111111 200.00000000
  0.25000000   0.25000000
  0.25000000   0.52541875
  0.53942034   1.10425943
  1.14768784   2.32079442
  3.70444898   4.87755556
  3.70444898  10.25103648
  3.70444898  21.54434690
  3.70444898  45.27921484
  3.70444898  95.16219296
  8.94633933 200.00000000
  1.29776725   0.25000000
  1.48010099   0.52541875
  1.87828403   1.10425943
  2.15850418   2.32079442
  2.24596634   4.87755556
  2.39952289  10.25103648
  2.56705713  21.54434690
  3.71597437  45.27921484
  6.95963389  95.16219296
 13.96976223 200.00000000
