  1.00000000   0.25000000
  1.00000000   0.52541875
  0.33333333   1.10425943
  0.11111111   2.32079442
  0.11111111   4.87755556
  0.22222222  10.25103648
  1.00000000  21.54434690
  0.11111111  45.27921484
  0.11111111  95.16219296
  0.11111111 200.00000000
  0.25000000   0.25000000
  0.31885469   0.52541875
  0.46356486   1.10425943
  1.37596610   2.32079442
  3.93272724   4.87755556
  3.93272724  10.25103648
  3.93272724  21.54434690
  3.93272724  45.27921484
  3.93272724  95.16219296
  9.17461759 200.00000000
  1.30901680   0.25000000
  1.49226666   0.52541875
  1.90114393   1.10425943
  2.17939171   2.32079442
  2.24886346   4.87755556
  2.41884457  10.25103648
  2.60377955  21.54434690
  4.02288354  45.27921484
  7.50915492  95.16219296
 15.15655229 200.00000000
