  0.62985507   0.00000000   1.00512923   1.00000000
  0.90252335   0.39992140   1.00508985   1.01338570
  0.99956719   0.52947284   1.00502024   1.01416583
  1.02322453   0.56102748   1.00502417   1.01379507
  1.02892252   0.56889734   1.00475224   1.01405669
  1.03072623   0.57094478   1.00510351   1.01333123
  1.03265124   0.57355855   1.00505955   1.01035511
  1.03552382   0.57735641   1.00509516   1.00483994
  1.03392939   0.57543638   1.00488226   1.00940476
  1.03434497   0.57577322   1.00510456   1.00818700
  1.03629698   0.57841603   1.00506642   1.00679105
  1.03710598   0.57961435   1.00494277   1.00624853
  1.03639132   0.57851453   1.00507553   1.00824712
  1.03833193   0.58116372   1.00502429   1.00315372
  1.03695894   0.57951946   1.00484532   1.00709963
  1.03561847   0.57754545   1.00502683   1.00889975
  1.03654212   0.57871983   1.00507967   1.00738704
  0.96843464   0.57993010   1.00486879   1.00729945
  0.64690592   0.63711059   0.68212000   1.00000000
  0.67815655   0.69961184   0.68212000   1.00000000
  0.69385074   0.73100022   0.68212000   1.00000000
  0.70170194   0.74670262   0.68212000   1.00000000
  0.70563898   0.75457670   0.68212000   1.00000000
  0.70762560   0.75854994   0.68212000   1.00000000
  0.70859940   0.76049755   0.68212000   1.00000000
  0.70907472   0.76144819   0.68212000   1.00000000
  0.70932809   0.76195493   0.68212000   1.00000000
  0.70945760   0.76221394   0.68212000   1.00000000
  0.70950383   0.76230641   0.68212000   1.00000000
  0.70953697   0.76237269   0.68212000   1.00000000
  0.70955159   0.76240193   0.68212000   1.00000000
  0.70957863   0.76245601   0.68212000   1.00000000
  0.70958742   0.76247359   0.68212000   1.00000000
  0.71880446   0.76245890   0.68212000   1.00000000
  0.71435462   0.75652578   0.68212000   1.00000000
  0.71322751   0.75502297   0.68212000   1.00000000
  0.71294338   0.75464413   0.68212000   1.00000000
  0.71286961   0.75454577   0.68212000   1.00000000
  0.71284996   0.75451956   0.68212000   1.00000000
  0.71284820   0.75451722   0.68212000   1.00000000
  0.71350404   0.75539167   0.68212000   1.00000000
  0.69915660   0.75561354   0.68212000   1.00000000
  0.70214611   0.77559416   0.68212000   1.00000000
  0.76362332   0.79611703   0.68212000   1.00000000
  0.75304752   0.75381383   0.68212000   1.00000000
  0.74469880   0.72041896   0.68212000   1.00000000
  0.88275787   0.69396265   0.68212000   1.00000000
  0.83686508   0.52062592   0.68212000   1.00000000
  0.79042691   0.38617600   0.68212000   1.00000000
  0.86000426   0.29303117   0.68212000   1.00000000
  0.73400081   0.12142328   0.68212000   1.00000000
  0.69798577   0.07338811   0.68212000   1.00000000
  0.68846213   0.06068992   0.68212000   1.00000000
  0.73937957   0.05733351   0.68212000   1.00000000
