  0.62985507   0.00000000   1.00512923
  0.91460426   0.40527463   1.01854368
  1.02710680   0.54406063   1.03271009
  1.06553138   0.58422406   1.04657850
  1.08592822   0.60041613   1.06041883
  1.10157270   0.61018840   1.07418882
  1.11432325   0.61892108   1.08454934
  1.12243489   0.62581368   1.08945237
  1.13043050   0.62914435   1.09867227
  1.13935305   0.63422648   1.10714411
  1.14854077   0.64106564   1.11392756
  1.15591778   0.64601550   1.12006992
  1.16366849   0.64956075   1.12850687
  1.16912203   0.65436812   1.13161891
  1.17493812   0.65663112   1.13855142
  1.18263603   0.65953445   1.14770157
  1.19134778   0.66515057   1.15518647
  1.12013761   0.67077476   1.16227908
  0.74824219   0.73691244   0.78897246
  0.78438815   0.80920436   0.78897246
  0.80254080   0.84550966   0.78897246
  0.81162186   0.86367179   0.78897246
  0.81617563   0.87277933   0.78897246
  0.81847345   0.87737497   0.78897246
  0.81959980   0.87962767   0.78897246
  0.82014958   0.88072722   0.78897246
  0.82044264   0.88131334   0.78897246
  0.82059243   0.88161293   0.78897246
  0.82064591   0.88171988   0.78897246
  0.82068424   0.88179655   0.78897246
  0.82070115   0.88183037   0.78897246
  0.82073243   0.88189292   0.78897246
  0.82074259   0.88191325   0.78897246
  0.83140346   0.88189626   0.78897246
  0.82625656   0.87503374   0.78897246
  0.82495289   0.87329551   0.78897246
  0.82462425   0.87285732   0.78897246
  0.82453893   0.87274356   0.78897246
  0.82451620   0.87271325   0.78897246
  0.82451416   0.87271053   0.78897246
  0.82527274   0.87372197   0.78897246
  0.80867781   0.87397859   0.78897246
  0.81213562   0.89708913   0.78897246
  0.88324308   0.92082686   0.78897246
  0.87101061   0.87189696   0.78897246
  0.86135408   0.83327087   0.78897246
  1.02103978   0.80267023   0.78897246
  0.96795799   0.60218072   0.78897246
  0.91424539   0.44666955   0.78897246
  0.99472187   0.33893380   0.78897246
  0.84898028   0.14044394   0.78897246
  0.80732357   0.08488419   0.78897246
  0.79630807   0.07019685   0.78897246
  0.85520161   0.06631467   0.78897246
