  0.30319045   0.07208371   0.81323913
  0.29106932   0.21141858   0.58541403
  0.26567591   0.26924998   0.50273566
  0.25860647   0.28422065   0.48253553
  0.25696117   0.28776589   0.47767834
  0.25632676   0.28899531   0.47615235
  0.25565677   0.29031009   0.47450231
  0.25480133   0.29212642   0.47205108
  0.25537368   0.29101556   0.47342823
  0.29169297   0.25483984   0.54064125
  0.29081192   0.25637356   0.53873372
  0.29055688   0.25689425   0.53795725
  0.29082793   0.25637081   0.53868893
  0.29007959   0.25777650   0.53677372
  0.29073286   0.25667298   0.53808964
  0.29113632   0.25581749   0.53940307
  0.32703449   0.22022289   0.60583324
  0.28662745   0.32973679   0.47056318
  0.42974261   0.24258206   0.64033842
  0.42137254   0.28220275   0.60037896
  0.41634393   0.30292556   0.58031115
  0.41360543   0.31351525   0.57027200
  0.41216707   0.31889065   0.56523780
  0.41146060   0.32158374   0.56269755
  0.41105986   0.32295829   0.56145237
  0.41085212   0.32364135   0.56084459
  0.41079248   0.32395436   0.56052061
  0.41078216   0.32409418   0.56035502
  0.41074755   0.32417503   0.56029590
  0.41072974   0.32422598   0.56025352
  0.41069575   0.32427459   0.56023482
  0.41072532   0.32427206   0.56020025
  0.41071309   0.32429308   0.56018901
  0.49659509   0.22917935   0.68452947
  0.49672319   0.22756797   0.68615516
  0.49675577   0.22715969   0.68656694
  0.49676787   0.22705288   0.68667074
  0.49676136   0.22703480   0.68669769
  0.49676307   0.22702654   0.68670487
  0.51882810   0.20496092   0.71706293
  0.51885844   0.20514920   0.71690320
  0.64787519   0.09070175   0.87816979
  0.73085336   0.02471469   0.96771754
  0.71461372   0.00000000   1.00000000
  0.68288631   0.00000000   1.00000000
  0.65784016   0.00000000   1.00000000
  0.49332477   0.00000000   1.00000000
  0.36588084   0.00000000   1.00000000
  0.27786910   0.00000000   1.00000000
  0.11514691   0.00000000   1.00000000
  0.06954247   0.00000000   1.00000000
  0.05752234   0.00000000   1.00000000
  0.05434779   0.00000000   1.00000000
  0.00000000   0.00007395   0.00000000
