  1.00000000   0.25000000
  1.00000000   0.52541875
  0.77777778   1.10425943
  0.44444444   2.32079442
  0.44444444   4.87755556
  0.88888889  10.25103648
  0.55555556  21.54434690
  0.33333333  45.27921484
  0.44444444  95.16219296
  0.22222222 200.00000000
  0.25000000   0.25000000
  0.31885469   0.52541875
  0.46356486   1.10425943
  1.37596610   2.32079442
  3.93272724   4.87755556
  3.93272724  10.25103648
  3.93272724  21.54434690
  3.93272724  45.27921484
  3.93272724  95.16219296
 11.79556277 200.00000000
  1.10077513   0.25000000
  1.27477416   0.52541875
  1.66813802   1.10425943
  1.95091012   2.32079442
  2.02559603   4.87755556
  2.20278700  10.25103648
  2.87620073  21.54434690
  5.75483832  45.27921484
  9.74930968  95.16219296
 21.24779317 200.00000000
