  1.00000000   0.25000000
  1.00000000   0.52541875
  0.77777778   1.10425943
  0.44444444   2.32079442
  0.44444444   4.87755556
  1.00000000  10.25103648
  0.44444444  21.54434690
  0.33333333  45.27921484
  0.33333333  95.16219296
  0.22222222 200.00000000
  0.25000000   0.25000000
  0.31885469   0.52541875
  0.46356486   1.10425943
  1.37596610   2.32079442
  3.93272724   4.87755556
  3.93272724  10.25103648
  3.93272724  21.54434690
  3.93272724  45.27921484
  3.93272724  95.16219296
 14.41650794 200.00000000
  1.12482019   0.25000000
  1.30088734   0.52541875
  1.69793718   1.10425943
  1.99012604   2.32079442
  2.06790456   4.87755556
  2.30780593  10.25103648
  3.48900817  21.54434690
  6.57653425  45.27921484
 11.34610055  95.16219296
 25.00108811 200.00000000
