  1.00000000   0.25000000
  1.00000000   0.52541875
  0.77777778   1.10425943
  0.00000000   2.32079442
  0.00000000   4.87755556
  0.00000000  10.25103648
  0.00000000  21.54434690
  0.00000000  45.27921484
  1.00000000  95.16219296
  0.22222222 200.00000000
  0.24975000   0.25000000
  0.38745937   0.52541875
  0.67687972   1.10425943
  1.58928095   2.32079442
  4.14604210   4.87755556
  4.14604210  10.25103648
 15.43935251  21.54434690
 15.43935251  45.27921484
 15.43935251  95.16219296
 15.43935251 200.00000000
  1.07657089   0.25000000
  1.22251195   0.52541875
  1.39085533   1.10425943
  1.46928709   2.32079442
  1.50357552   4.87755556
  1.54341840  10.25103648
  1.56041422  21.54434690
  1.57772760  45.27921484
  1.67445750  95.16219296
  3.59996664 200.00000000
