  1.00000000   0.25000000
  1.00000000   0.52541875
  1.00000000   1.10425943
  1.00000000   2.32079442
  0.55555556   4.87755556
  0.44444444  10.25103648
  0.33333333  21.54434690
  0.33333333  45.27921484
  0.33333333  95.16219296
  0.22222222 200.00000000
  0.25000000   0.25000000
  0.52541875   0.52541875
  0.81483909   1.10425943
  1.11897283   2.32079442
  1.11897283   4.87755556
  2.46234307  10.25103648
  5.28567067  21.54434690
  5.28567067  45.27921484
 17.75641520  95.16219296
 32.25930035 200.00000000
  2.25423663   0.25000000
  2.77979385   0.52541875
  3.20390164   1.10425943
  3.84786443   2.32079442
  5.27400267   4.87755556
  8.58705786  10.25103648
 15.17051428  21.54434690
 28.92629974  45.27921484
 59.10327160  95.16219296
124.13365450 200.00000000
