  1.00000000   0.25000000
  1.00000000   0.52541875
  0.77777778   1.10425943
  0.44444444   2.32079442
  1.00000000   4.87755556
  0.55555556  10.25103648
  0.44444444  21.54434690
  0.33333333  45.27921484
  0.44444444  95.16219296
  0.22222222 200.00000000
  0.25000000   0.25000000
  0.31885469   0.52541875
  0.46356486   1.10425943
  1.37596610   2.32079442
  1.37596610   4.87755556
  1.37596610  10.25103648
  1.37596610  21.54434690
  7.30968308  45.27921484
  7.30968308  95.16219296
 15.17251861 200.00000000
  1.16488409   0.25000000
  1.34282202   0.52541875
  1.74332193   1.10425943
  2.04861529   2.32079442
  2.13261075   4.87755556
  2.86709705  10.25103648
  4.19116594  21.54434690
  7.62619738  45.27921484
 13.79861941  95.16219296
 30.07986253 200.00000000
