  1.00000000   0.25000000
  1.00000000   0.52541875
  0.88888889   1.10425943
  0.00000000   2.32079442
  0.00000000   4.87755556
  0.55555556  10.25103648
  1.00000000  21.54434690
  0.55555556  45.27921484
  0.33333333  95.16219296
  0.22222222 200.00000000
  0.24975000   0.25000000
  0.38745937   0.52541875
  0.67687972   1.10425943
  1.58928095   2.32079442
  4.14604210   4.87755556
  4.14604210  10.25103648
  4.14604210  21.54434690
  4.14604210  45.27921484
  4.14604210  95.16219296
 14.62982280 200.00000000
  1.19218391   0.25000000
  1.35607518   0.52541875
  1.54681381   1.10425943
  1.65060607   2.32079442
  1.69400447   4.87755556
  1.79835120  10.25103648
  1.99780598  21.54434690
  2.76659551  45.27921484
  4.80607957  95.16219296
  8.33968799 200.00000000
