  1.00000000   0.25000000
  1.00000000   0.52541875
  0.88888889   1.10425943
  0.00000000   2.32079442
  0.00000000   4.87755556
  0.00000000  10.25103648
  1.00000000  21.54434690
  0.44444444  45.27921484
  0.33333333  95.16219296
  0.22222222 200.00000000
  0.24975000   0.25000000
  0.38745937   0.52541875
  0.67687972   1.10425943
  1.58928095   2.32079442
  4.14604210   4.87755556
  4.14604210  10.25103648
  4.14604210  21.54434690
  4.14604210  45.27921484
  4.14604210  95.16219296
 14.62982280 200.00000000
  1.14024567   0.25000000
  1.29497793   0.52541875
  1.47343222   1.10425943
  1.56377243   2.32079442
  1.60267101   4.87755556
  1.66592528  10.25103648
  1.77619199  21.54434690
  2.58293508  45.27921484
  4.53317759  95.16219296
  7.13867130 200.00000000
