  1.00000000   0.25000000
  1.00000000   0.52541875
  0.77777778   1.10425943
  0.00000000   2.32079442
  0.00000000   4.87755556
  0.00000000  10.25103648
  0.00000000  21.54434690
  1.00000000  45.27921484
  0.22222222  95.16219296
  0.22222222 200.00000000
  0.24975000   0.25000000
  0.38745937   0.52541875
  0.67687972   1.10425943
  1.58928095   2.32079442
  4.14604210   4.87755556
  4.14604210  10.25103648
 15.43935251  21.54434690
 15.43935251  45.27921484
 15.43935251  95.16219296
 15.43935251 200.00000000
  1.08882768   0.25000000
  1.23634804   0.52541875
  1.40608589   1.10425943
  1.48618940   2.32079442
  1.52128069   4.87755556
  1.56785365  10.25103648
  1.58539493  21.54434690
  1.64419289  45.27921484
  3.11458048  95.16219296
  5.79548872 200.00000000
