  1.00000000   0.25000000
  1.00000000   0.52541875
  1.00000000   1.10425943
  0.66666667   2.32079442
  0.44444444   4.87755556
  0.33333333  10.25103648
  0.33333333  21.54434690
  0.33333333  45.27921484
  0.33333333  95.16219296
  0.33333333 200.00000000
  0.25000000   0.25000000
  0.52541875   0.52541875
  0.95954926   1.10425943
  1.26368301   2.32079442
  1.90287329   4.87755556
  4.58961375  10.25103648
  7.41294136  21.54434690
 13.34665834  45.27921484
 38.28814740  95.16219296
 69.80018895 200.00000000
  3.80417208   0.25000000
  5.58662211   0.52541875
  7.45095433   1.10425943
 10.67739141   2.32079442
 18.33389310   4.87755556
 33.97085590  10.25103648
 67.68578868  21.54434690
135.94538422  45.27921484
282.73973014  95.16219296
596.73950515 200.00000000
