  1.00000000   0.25000000
  1.00000000   0.52541875
  0.88888889   1.10425943
  0.00000000   2.32079442
  0.00000000   4.87755556
  0.00000000  10.25103648
  1.00000000  21.54434690
  0.44444444  45.27921484
  0.33333333  95.16219296
  0.22222222 200.00000000
  0.24975000   0.25000000
  0.38745937   0.52541875
  0.67687972   1.10425943
  1.58928095   2.32079442
  4.14604210   4.87755556
  4.14604210  10.25103648
  4.14604210  21.54434690
  4.14604210  45.27921484
  4.14604210  95.16219296
 14.62982280 200.00000000
  1.11433472   0.25000000
  1.26536009   0.52541875
  1.43926886   1.10425943
  1.52429085   2.32079442
  1.56122682   4.87755556
  1.61578857  10.25103648
  1.66026691  21.54434690
  2.46373003  45.27921484
  4.36478954  95.16219296
  6.52775356 200.00000000
