  1.00000000   0.25000000
  1.00000000   0.52541875
  0.77777778   1.10425943
  0.00000000   2.32079442
  0.00000000   4.87755556
  0.66666667  10.25103648
  1.00000000  21.54434690
  0.55555556  45.27921484
  0.33333333  95.16219296
  0.11111111 200.00000000
  0.25000000   0.25000000
  0.25000000   0.52541875
  0.53942034   1.10425943
  1.14768784   2.32079442
  3.70444898   4.87755556
  3.70444898  10.25103648
  3.70444898  21.54434690
  3.70444898  45.27921484
  3.70444898  95.16219296
  8.94633933 200.00000000
  1.02739458   0.25000000
  1.19261231   0.52541875
  1.55262752   1.10425943
  1.80654526   2.32079442
  1.88861736   4.87755556
  2.06507881  10.25103648
  2.22956346  21.54434690
  2.96862439  45.27921484
  5.10140301  95.16219296
 10.08861120 200.00000000
