  1.00000000   0.25000000
  1.00000000   0.52541875
  1.00000000   1.10425943
  1.00000000   2.32079442
  0.88888889   4.87755556
  0.44444444  10.25103648
  0.44444444  21.54434690
  0.33333333  45.27921484
  0.33333333  95.16219296
  0.22222222 200.00000000
  0.25000000   0.25000000
  0.52541875   0.52541875
  0.67012892   1.10425943
  0.97426266   2.32079442
  0.97426266   4.87755556
  2.31763289  10.25103648
  2.31763289  21.54434690
  8.25134988  45.27921484
  8.25134988  95.16219296
 18.73513058 200.00000000
  1.57053390   0.25000000
  1.80878959   0.52541875
  2.10689183   1.10425943
  2.50508126   2.32079442
  3.06096568   4.87755556
  4.48787073  10.25103648
  7.48245967  21.54434690
 13.35164636  45.27921484
 26.80213425  95.16219296
 56.42567422 200.00000000
