  1.00000000   0.25000000
  1.00000000   0.52541875
  1.00000000   1.10425943
  1.00000000   2.32079442
  0.77777778   4.87755556
  0.44444444  10.25103648
  0.33333333  21.54434690
  0.33333333  45.27921484
  0.33333333  95.16219296
  0.22222222 200.00000000
  0.25000000   0.25000000
  0.52541875   0.52541875
  0.67012892   1.10425943
  0.97426266   2.32079442
  1.61345295   4.87755556
  1.61345295  10.25103648
  4.43678055  21.54434690
  4.43678055  45.27921484
 16.90752508  95.16219296
 26.10728301 200.00000000
  1.86343582   0.25000000
  2.20861290   0.52541875
  2.51618235   1.10425943
  2.99973344   2.32079442
  3.85444865   4.87755556
  5.95178386  10.25103648
 10.08323645  21.54434690
 18.81472718  45.27921484
 37.61987611  95.16219296
 79.90258595 200.00000000
