  1.00000000   0.25000000
  1.00000000   0.52541875
  1.00000000   1.10425943
  1.00000000   2.32079442
  0.55555556   4.87755556
  0.44444444  10.25103648
  0.33333333  21.54434690
  0.33333333  45.27921484
  0.33333333  95.16219296
  0.33333333 200.00000000
  0.25000000   0.25000000
  0.52541875   0.52541875
  0.81483909   1.10425943
  1.11897283   2.32079442
  1.75816312   4.87755556
  3.10153335  10.25103648
  5.92486096  21.54434690
 11.85857794  45.27921484
 24.32932247  95.16219296
 37.62805303 200.00000000
  2.50782441   0.25000000
  3.17579531   0.52541875
  3.71970197   1.10425943
  4.53103311   2.32079442
  6.49135676   4.87755556
 10.83893657  10.25103648
 19.70806231  21.54434690
 38.39912448  45.27921484
 77.38878118  95.16219296
164.19908265 200.00000000
