  0.62965056   0.00000000   1.00494084   1.00000000
  0.88207102   0.37239302   1.00525203   1.07578844
  0.99778296   0.48889571   1.00512165   1.07346756
  0.99809945   0.48895052   1.00538219   1.07154835
  1.00257674   0.49370323   1.00510791   1.05958643
  1.00352659   0.49452269   1.00523830   1.05904030
  1.00223154   0.49316536   1.00530058   1.06150426
  1.00691864   0.49830539   1.00484765   1.05391104
  1.00429622   0.49556248   1.00496176   1.05808332
  1.00942967   0.50107615   1.00457860   1.04687131
  1.00944686   0.50041099   1.00527027   1.04944773
  1.01086261   0.50222609   1.00487092   1.04510573
  1.01735271   0.50858945   1.00499767   1.03204032
  1.01441877   0.50559463   1.00505854   1.03631177
  1.01368947   0.50496220   1.00496167   1.03675992
  1.01387826   0.50507349   1.00503917   1.03589182
  1.01493384   0.50651962   1.00464862   1.03289127
  1.01819152   0.50967396   1.00475196   1.02409620
  1.01692435   0.50802132   1.00513269   1.02788948
  1.01719131   0.50887129   1.00455443   1.02741291
  1.02060549   0.51193270   1.00490719   1.02257158
  1.02017730   0.51164646   1.00475916   1.02031540
  1.02139711   0.51269142   1.00494009   1.02076247
  1.02676072   0.51828804   1.00470708   1.00732654
  1.02046984   0.51149578   1.00520846   1.02044405
  1.02880228   0.51969886   1.00533708   1.00475694
  1.02424815   0.51543410   1.00504845   1.01483219
  1.02609734   0.51702736   1.00524136   1.01164248
  1.02453412   0.51510411   1.00562740   1.01248014
  1.02420542   0.51596803   1.00446465   1.00990553
  1.02798399   0.51918334   1.00503506   1.00730982
  1.02821636   0.51935513   1.00509564   1.00672345
  1.02900665   0.51981129   1.00542977   1.00547330
  1.03113899   0.52196738   1.00540601   1.00410024
  1.02682314   0.51750558   1.00554007   1.01229735
  1.02859313   0.51998845   1.00483908   1.01112186
  1.02705612   0.51835688   1.00493364   1.01129511
  1.02795601   0.51909128   1.00509913   1.01083046
  1.02916647   0.51998234   1.00541854   1.00675994
  1.03003371   0.52127787   1.00499024   1.00483138
  1.03015813   0.52089943   1.00549310   1.01041145
  1.02753202   0.51842907   1.00529884   1.01628433
  0.99354683   0.52078625   1.00569600   1.00593765
  1.01576926   0.55126748   1.00482513   1.01457864
  0.95856894   0.56678478   1.00486653   1.00495605
  0.54850416   0.62719808   0.68212000   1.00000000
  0.66234270   0.77898280   0.68212000   1.00000000
  0.69098216   0.81716874   0.68212000   1.00000000
  0.69819653   0.82678790   0.68212000   1.00000000
  0.69998255   0.82916927   0.68212000   1.00000000
  0.70111849   0.83068386   0.68212000   1.00000000
  0.70140660   0.83106800   0.68212000   1.00000000
  0.70282876   0.83296421   0.68212000   1.00000000
  0.70317110   0.83342066   0.68212000   1.00000000
  0.70325046   0.83352648   0.68212000   1.00000000
  0.70328634   0.83357432   0.68212000   1.00000000
  0.70329555   0.83358660   0.68212000   1.00000000
  0.70328850   0.83357720   0.68212000   1.00000000
  0.77214763   0.83358313   0.68212000   1.00000000
  0.71915785   0.76293009   0.68212000   1.00000000
  0.70628418   0.74576520   0.68212000   1.00000000
  0.62319344   0.74139660   0.68212000   1.00000000
  0.73215071   0.82160175   0.68212000   1.00000000
  0.71151828   0.79433850   0.68212000   1.00000000
  0.70981316   0.79092825   0.68212000   1.00000000
  0.76241762   0.79129426   0.68212000   1.00000000
  0.75014503   0.74220387   0.68212000   1.00000000
  0.74055519   0.70384454   0.68212000   1.00000000
  0.87782606   0.67555486   0.68212000   1.00000000
  0.82908641   0.50157810   0.68212000   1.00000000
  0.78183071   0.36998048   0.68212000   1.00000000
  0.85203125   0.28203835   0.68212000   1.00000000
  0.73066425   0.11695942   0.68212000   1.00000000
  0.69658736   0.07152356   0.68212000   1.00000000
  0.68763835   0.05959155   0.68212000   1.00000000
  0.68531444   0.05649300   0.68212000   1.00000000
  0.68471711   0.05569657   0.68212000   1.00000000
  0.68456698   0.05549640   0.68212000   1.00000000
  0.68451067   0.05542131   0.68212000   1.00000000
  0.68449196   0.05539636   0.68212000   1.00000000
  0.73733499   0.05528873   0.68212000   1.00000000
