  0.62965056   0.00000000   1.00494084
  0.94892181   0.40061611   1.08143851
  1.14670806   0.56186634   1.15514209
  1.21848416   0.59691293   1.22737496
  1.28369002   0.63213307   1.28693090
  1.34415471   0.66237907   1.34644743
  1.40406159   0.69089278   1.40836112
  1.46491194   0.72495780   1.46189897
  1.51942959   0.74975120   1.52043650
  1.57450942   0.78157909   1.56694272
  1.62445109   0.80528575   1.61772993
  1.67232509   0.83085999   1.66241271
  1.71565833   0.85768260   1.69482285
  1.74754588   0.87099119   1.73142095
  1.78355265   0.88846408   1.76819638
  1.82027477   0.90678789   1.80440543
  1.85555237   0.92604428   1.83674842
  1.88604277   0.94409241   1.86114806
  1.91205702   0.95519960   1.88988592
  1.94044315   0.97074738   1.91633642
  1.96999288   0.98814261   1.93969172
  1.98989169   0.99798441   1.95981806
  2.01347769   1.01066737   1.98103602
  2.03157358   1.02549725   1.98793771
  2.03998882   1.02251496   2.00948029
  2.06153989   1.04138564   2.01451974
  2.06760606   1.04048484   2.02884845
  2.08328525   1.04972057   2.04094137
  2.09289778   1.05224436   2.05427550
  2.10237161   1.05912008   2.06185003
  2.11764221   1.06951524   2.07036752
  2.12503406   1.07336099   2.07725003
  2.13229944   1.07714883   2.08344360
  2.14094596   1.08375686   2.08751678
  2.14461219   1.08085681   2.10016061
  2.15974886   1.09182575   2.10987220
  2.16812228   1.09425481   2.12142157
  2.18115518   1.10142713   2.13265661
  2.19068070   1.10683286   2.14013092
  2.19750317   1.11210901   2.14407473
  2.20849407   1.11672497   2.15561619
  2.21959678   1.11987117   2.17157036
  2.15208387   1.12805522   2.17839973
  2.21502757   1.20211619   2.19116235
  2.09504495   1.23876286   2.19623280
  1.19880879   1.37080195   1.49083911
  1.44761390   1.70254211   1.49083911
  1.51020820   1.78600117   1.49083911
  1.52597591   1.80702478   1.49083911
  1.52987943   1.81222948   1.49083911
  1.53236215   1.81553976   1.49083911
  1.53299183   1.81637933   1.49083911
  1.53610010   1.82052369   1.49083911
  1.53684831   1.82152131   1.49083911
  1.53702177   1.82175259   1.49083911
  1.53710019   1.82185715   1.49083911
  1.53712032   1.82188399   1.49083911
  1.53710490   1.82186343   1.49083911
  1.68760318   1.82187639   1.49083911
  1.57178891   1.66745736   1.49083911
  1.54365226   1.62994183   1.49083911
  1.36204943   1.62039385   1.49083911
  1.60018604   1.79568994   1.49083911
  1.55509189   1.73610348   1.49083911
  1.55136517   1.72865004   1.49083911
  1.66633732   1.72944999   1.49083911
  1.63951437   1.62215820   1.49083911
  1.61855486   1.53832018   1.49083911
  1.91857360   1.47649037   1.49083911
  1.81204839   1.09624736   1.49083911
  1.70876650   0.80862805   1.49083911
  1.86219654   0.61642203   1.49083911
  1.59693726   0.25562611   1.49083911
  1.52245891   0.15632165   1.49083911
  1.50290000   0.13024309   1.49083911
  1.49782086   0.12347091   1.49083911
  1.49651535   0.12173022   1.49083911
  1.49618723   0.12129273   1.49083911
  1.49606415   0.12112863   1.49083911
  1.49602325   0.12107410   1.49083911
  1.61151679   0.12083885   1.49083911
