  0.23502586   0.14026442   0.63483871
  0.21135425   0.28421978   0.43089772
  0.16541147   0.33082293   0.33333333
  0.16541239   0.33082087   0.33333596
  0.16541147   0.33082293   0.33333333
  0.16541147   0.33082293   0.33333333
  0.16541147   0.33082293   0.33333333
  0.16541147   0.33082293   0.33333333
  0.16541654   0.33081147   0.33334804
  0.16541881   0.33080628   0.33335479
  0.16541147   0.33082293   0.33333333
  0.16541147   0.33082293   0.33333333
  0.16541147   0.33082293   0.33333333
  0.16541147   0.33082293   0.33333333
  0.11027431   0.38596009   0.22222222
  0.11027431   0.38596009   0.22222222
  0.11027431   0.38596009   0.22222222
  0.11027431   0.38596009   0.22222222
  0.11027952   0.38595014   0.22223497
  0.11027431   0.38596009   0.22222222
  0.11027431   0.38596009   0.22222222
  0.11028097   0.38594735   0.22223857
  0.11027431   0.38596009   0.22222222
  0.11027431   0.38596009   0.22222222
  0.11027431   0.38596009   0.22222222
  0.11027513   0.38595853   0.22222421
  0.11027431   0.38596009   0.22222222
  0.11033367   0.38583772   0.22239156
  0.11031177   0.38588562   0.22232170
  0.11028211   0.38594515   0.22224142
  0.11027431   0.38596009   0.22222222
  0.11027431   0.38596009   0.22222222
  0.11027431   0.38596009   0.22222222
  0.11027431   0.38596009   0.22222222
  0.11028733   0.38593519   0.22225415
  0.11027431   0.38596009   0.22222222
  0.16541147   0.33082293   0.33333333
  0.16541147   0.33082293   0.33333333
  0.16541147   0.33082293   0.33333333
  0.16541147   0.33082293   0.33333333
  0.16541147   0.33082293   0.33333333
  0.16543923   0.33075666   0.33342204
  0.15276683   0.38016859   0.29019110
  0.18672048   0.35360287   0.34923495
  0.16599997   0.44708240   0.27368920
  0.22502162   0.53579230   0.29587564
  0.21413514   0.58462496   0.26814941
  0.21105913   0.59724746   0.26117405
  0.21026231   0.60044907   0.25941694
  0.24025115   0.57105557   0.29615764
  0.24024532   0.57144005   0.29601930
  0.30008757   0.51169383   0.36974621
  0.29994395   0.51231151   0.36939983
  0.29991553   0.51245404   0.36931645
  0.29991289   0.51248314   0.36929712
  0.29990386   0.51250412   0.36928838
  0.29991207   0.51249898   0.36928614
  0.29991476   0.51249394   0.36928786
  0.27448908   0.46906642   0.36928678
  0.29997972   0.42591252   0.41331864
  0.29933794   0.42226307   0.41488638
  0.30884460   0.49147856   0.38612632
  0.37209142   0.39947963   0.48258650
  0.48378007   0.28116015   0.63267220
  0.56763893   0.19559616   0.74409479
  0.68646187   0.02453477   0.96628358
  0.65343712   0.02074172   0.97076168
  0.64540934   0.00000000   1.00000000
  0.47984880   0.00000000   1.00000000
  0.35461169   0.00000000   1.00000000
  0.27026976   0.00000000   1.00000000
  0.11212710   0.00000000   1.00000000
  0.06841517   0.00000000   1.00000000
  0.05705620   0.00000000   1.00000000
  0.05407320   0.00000000   1.00000000
  0.05329856   0.00000000   1.00000000
  0.05309946   0.00000000   1.00000000
  0.05304941   0.00000000   1.00000000
  0.05303064   0.00000000   1.00000000
  0.04870055   0.00432386   0.91857379
  0.00000000   0.00007374   0.00000000
