  1.00000000   0.25000000
  1.00000000   0.52541875
  0.33333333   1.10425943
  0.22222222   2.32079442
  0.22222222   4.87755556
  0.44444444  10.25103648
  1.00000000  21.54434690
  0.11111111  45.27921484
  0.22222222  95.16219296
  0.11111111 200.00000000
  0.25000000   0.25000000
  0.25000000   0.52541875
  0.39471017   1.10425943
  1.30711141   2.32079442
  3.86387255   4.87755556
  3.86387255  10.25103648
  3.86387255  21.54434690
  3.86387255  45.27921484
  3.86387255  95.16219296
  9.10576291 200.00000000
  1.69308927   0.25000000
  1.88407228   0.52541875
  2.27143063   1.10425943
  2.54669451   2.32079442
  2.64151993   4.87755556
  2.85594359  10.25103648
  3.18724385  21.54434690
  5.30598621  45.27921484
  9.60569128  95.16219296
 19.68397747 200.00000000
