  1.00000000   0.25000000
  1.00000000   0.52541875
  0.44444444   1.10425943
  0.22222222   2.32079442
  0.22222222   4.87755556
  0.66666667  10.25103648
  0.22222222  21.54434690
  0.22222222  45.27921484
  0.22222222  95.16219296
  0.11111111 200.00000000
  0.25000000   0.25000000
  0.25000000   0.52541875
  0.39471017   1.10425943
  1.30711141   2.32079442
  3.86387255   4.87755556
  3.86387255  10.25103648
  3.86387255  21.54434690
  3.86387255  45.27921484
  3.86387255  95.16219296
  9.10576291 200.00000000
  1.84747753   0.25000000
  2.04654234   0.52541875
  2.45994747   1.10425943
  2.77431052   2.32079442
  2.88387690   4.87755556
  3.13827424  10.25103648
  4.07080118  21.54434690
  7.16980608  45.27921484
 12.57082982  95.16219296
 26.89377921 200.00000000
