  1.00000000   0.25000000
  1.00000000   0.52541875
  1.00000000   1.10425943
  0.44444444   2.32079442
  0.22222222   4.87755556
  0.22222222  10.25103648
  0.11111111  21.54434690
  0.11111111  45.27921484
  0.11111111  95.16219296
  0.11111111 200.00000000
  0.25000000   0.25000000
  0.52541875   0.52541875
  0.95954926   1.10425943
  1.26368301   2.32079442
  1.90287329   4.87755556
  3.24624352  10.25103648
  6.06957113  21.54434690
 12.00328811  45.27921484
 24.47403264  95.16219296
 51.23133727 200.00000000
 13.86920438   0.25000000
 18.35528097   0.52541875
 22.95138912   1.10425943
 29.62627476   2.32079442
 47.73177192   4.87755556
 85.16177391  10.25103648
163.84383094  21.54434690
328.05038692  45.27921484
671.73259888  95.16219296
1408.51032085 200.00000000
