  1.00000000   0.25000000
  1.00000000   0.52541875
  0.33333333   1.10425943
  0.22222222   2.32079442
  0.22222222   4.87755556
  0.44444444  10.25103648
  1.00000000  21.54434690
  0.11111111  45.27921484
  0.22222222  95.16219296
  0.11111111 200.00000000
  0.25000000   0.25000000
  0.25000000   0.52541875
  0.39471017   1.10425943
  1.30711141   2.32079442
  3.86387255   4.87755556
  3.86387255  10.25103648
  3.86387255  21.54434690
  3.86387255  45.27921484
  3.86387255  95.16219296
  9.10576291 200.00000000
  1.67157748   0.25000000
  1.86139265   0.52541875
  2.24515472   1.10425943
  2.51511178   2.32079442
  2.60796159   4.87755556
  2.81673374  10.25103648
  3.10946142  21.54434690
  5.02527117  45.27921484
  9.16795559  95.16219296
 18.67397433 200.00000000
