  1.00000000   0.25000000
  1.00000000   0.52541875
  1.00000000   1.10425943
  1.00000000   2.32079442
  0.55555556   4.87755556
  0.33333333  10.25103648
  0.22222222  21.54434690
  0.22222222  45.27921484
  0.11111111  95.16219296
  0.11111111 200.00000000
  0.25000000   0.25000000
  0.52541875   0.52541875
  0.67012892   1.10425943
  0.97426266   2.32079442
  1.61345295   4.87755556
  1.61345295  10.25103648
  1.61345295  21.54434690
  7.54716993  45.27921484
  7.54716993  95.16219296
 18.03095064 200.00000000
  3.56844945   0.25000000
  3.97202588   0.52541875
  4.34465148   1.10425943
  4.91962556   2.32079442
  5.86702777   4.87755556
  7.92829750  10.25103648
 12.72901356  21.54434690
 22.10523952  45.27921484
 43.85543752  95.16219296
 90.96370010 200.00000000
