  1.00000000   0.25000000
  1.00000000   0.52541875
  1.00000000   1.10425943
  0.33333333   2.32079442
  0.22222222   4.87755556
  0.22222222  10.25103648
  0.11111111  21.54434690
  0.11111111  45.27921484
  0.11111111  95.16219296
  0.11111111 200.00000000
  0.25000000   0.25000000
  0.52541875   0.52541875
  0.95954926   1.10425943
  1.26368301   2.32079442
  1.90287329   4.87755556
  4.58961375  10.25103648
  7.41294136  21.54434690
 13.34665834  45.27921484
 38.28814740  95.16219296
 69.80018895 200.00000000
 18.45176573   0.25000000
 26.08701072   0.52541875
 34.72819746   1.10425943
 49.18015914   2.32079442
 84.61605310   4.87755556
157.10938050  10.25103648
312.07311855  21.54434690
627.93815951  45.27921484
1307.75400769  95.16219296
2752.47624515 200.00000000
