  1.00000000   0.25000000
  1.00000000   0.52541875
  0.44444444   1.10425943
  0.22222222   2.32079442
  0.22222222   4.87755556
  0.44444444  10.25103648
  0.44444444  21.54434690
  0.11111111  45.27921484
  0.22222222  95.16219296
  0.11111111 200.00000000
  0.25000000   0.25000000
  0.25000000   0.52541875
  0.39471017   1.10425943
  1.30711141   2.32079442
  3.86387255   4.87755556
  3.86387255  10.25103648
  3.86387255  21.54434690
  3.86387255  45.27921484
  3.86387255  95.16219296
  9.10576291 200.00000000
  1.77412945   0.25000000
  1.96961665   0.52541875
  2.37089894   1.10425943
  2.66662724   2.32079442
  2.76911032   4.87755556
  3.00160866  10.25103648
  3.57671025  21.54434690
  6.33758813  45.27921484
 11.18911611  95.16219296
 23.48896495 200.00000000
