  1.00000000   0.25000000
  1.00000000   0.52541875
  0.22222222   1.10425943
  0.22222222   2.32079442
  0.22222222   4.87755556
  0.00000000  10.25103648
  0.00000000  21.54434690
  0.00000000  45.27921484
  0.11111111  95.16219296
  0.11111111 200.00000000
  0.24975000   0.25000000
  0.31860469   0.52541875
  0.60802503   1.10425943
  1.82456002   2.32079442
  4.38132116   4.87755556
  4.38132116  10.25103648
 15.67463157  21.54434690
 21.60834856  45.27921484
 21.60834856  95.16219296
 21.60834856 200.00000000
  1.32583016   0.25000000
  1.45745369   0.52541875
  1.59303833   1.10425943
  1.66650562   2.32079442
  1.69822833   4.87755556
  1.73996898  10.25103648
  1.76447173  21.54434690
  1.78128808  45.27921484
  2.61373737  95.16219296
  6.49559946 200.00000000
