  1.00000000   0.25000000
  1.00000000   0.52541875
  0.44444444   1.10425943
  0.22222222   2.32079442
  0.00000000   4.87755556
  0.44444444  10.25103648
  0.33333333  21.54434690
  0.22222222  45.27921484
  0.11111111  95.16219296
  0.11111111 200.00000000
  0.25000000   0.25000000
  0.31885469   0.52541875
  0.46356486   1.10425943
  1.37596610   2.32079442
  3.29353695   4.87755556
  3.29353695  10.25103648
  3.29353695  21.54434690
  3.29353695  45.27921484
  3.29353695  95.16219296
 11.15637248 200.00000000
  1.99380651   0.25000000
  2.20186650   0.52541875
  2.64818201   1.10425943
  2.98104124   2.32079442
  3.09968878   4.87755556
  3.68898989  10.25103648
  5.26493722  21.54434690
  8.59772402  45.27921484
 15.48800803  95.16219296
 33.89653167 200.00000000
