  1.00000000   0.25000000
  1.00000000   0.52541875
  0.55555556   1.10425943
  0.00000000   2.32079442
  0.00000000   4.87755556
  0.44444444  10.25103648
  1.00000000  21.54434690
  0.22222222  45.27921484
  0.11111111  95.16219296
  0.11111111 200.00000000
  0.24975000   0.25000000
  0.38745937   0.52541875
  0.67687972   1.10425943
  1.58928095   2.32079442
  4.14604210   4.87755556
  4.14604210  10.25103648
  4.14604210  21.54434690
  4.14604210  45.27921484
  4.14604210  95.16219296
 12.00887763 200.00000000
  1.74900025   0.25000000
  1.90862162   0.52541875
  2.10012942   1.10425943
  2.21741875   2.32079442
  2.27759393   4.87755556
  2.43981032  10.25103648
  2.67995741  21.54434690
  3.87076046  45.27921484
  7.21072386  95.16219296
 13.29921977 200.00000000
