  1.00000000   0.25000000
  1.00000000   0.52541875
  0.22222222   1.10425943
  0.22222222   2.32079442
  0.22222222   4.87755556
  0.00000000  10.25103648
  0.00000000  21.54434690
  0.00000000  45.27921484
  0.00000000  95.16219296
  0.22222222 200.00000000
  0.24975000   0.25000000
  0.31860469   0.52541875
  0.60802503   1.10425943
  1.82456002   2.32079442
  4.38132116   4.87755556
  4.38132116  10.25103648
 15.67463157  21.54434690
 15.67463157  45.27921484
 65.55760969  95.16219296
 65.55760969 200.00000000
  1.28241738   0.25000000
  1.41215669   0.52541875
  1.54488737   1.10425943
  1.61463703   2.32079442
  1.64472137   4.87755556
  1.67652585  10.25103648
  1.69955114  21.54434690
  1.72782484  45.27921484
  1.73887247  95.16219296
  1.76462742 200.00000000
