  1.00000000   0.25000000
  1.00000000   0.52541875
  0.55555556   1.10425943
  0.33333333   2.32079442
  0.66666667   4.87755556
  0.33333333  10.25103648
  0.22222222  21.54434690
  0.22222222  45.27921484
  0.11111111  95.16219296
  0.11111111 200.00000000
  0.25000000   0.25000000
  0.38770937   0.52541875
  0.53241954   1.10425943
  1.14068704   2.32079442
  1.14068704   4.87755556
  1.14068704  10.25103648
  3.96401464  21.54434690
  3.96401464  45.27921484
  3.96401464  95.16219296
 14.44779535 200.00000000
  2.40474632   0.25000000
  2.61272502   0.52541875
  3.03786330   1.10425943
  3.44540667   2.32079442
  3.88161934   4.87755556
  4.96518140  10.25103648
  7.18523274  21.54434690
 12.66617544  45.27921484
 22.58475759  95.16219296
 49.40209863 200.00000000
