  1.00000000   0.25000000
  1.00000000   0.52541875
  0.44444444   1.10425943
  0.22222222   2.32079442
  0.22222222   4.87755556
  0.66666667  10.25103648
  0.22222222  21.54434690
  0.22222222  45.27921484
  0.11111111  95.16219296
  0.11111111 200.00000000
  0.25000000   0.25000000
  0.25000000   0.52541875
  0.39471017   1.10425943
  1.30711141   2.32079442
  3.86387255   4.87755556
  3.86387255  10.25103648
  3.86387255  21.54434690
  3.86387255  45.27921484
  3.86387255  95.16219296
 11.72670808 200.00000000
  1.93844630   0.25000000
  2.14586030   0.52541875
  2.57651583   1.10425943
  2.91149018   2.32079442
  3.03036138   4.87755556
  3.38795004  10.25103648
  4.84257299  21.54434690
  8.08275272  45.27921484
 14.37409838  95.16219296
 31.25998365 200.00000000
