  1.00000000   0.25000000
  1.00000000   0.52541875
  1.00000000   1.10425943
  1.00000000   2.32079442
  0.33333333   4.87755556
  0.22222222  10.25103648
  0.22222222  21.54434690
  0.11111111  45.27921484
  0.11111111  95.16219296
  0.11111111 200.00000000
  0.25000000   0.25000000
  0.52541875   0.52541875
  0.95954926   1.10425943
  1.26368301   2.32079442
  1.26368301   4.87755556
  2.60705324  10.25103648
  2.60705324  21.54434690
  8.54077022  45.27921484
  8.54077022  95.16219296
 19.02455093 200.00000000
  5.94552783   0.25000000
  6.92752269   0.52541875
  7.77438438   1.10425943
  8.77411889   2.32079442
 11.27827752   4.87755556
 17.05681210  10.25103648
 29.38317501  21.54434690
 55.21645054  45.27921484
107.72723109  95.16219296
228.02913309 200.00000000
