  1.00000000   0.25000000
  1.00000000   0.52541875
  0.44444444   1.10425943
  0.22222222   2.32079442
  0.66666667   4.87755556
  0.33333333  10.25103648
  0.22222222  21.54434690
  0.11111111  45.27921484
  0.22222222  95.16219296
  0.11111111 200.00000000
  0.25000000   0.25000000
  0.31885469   0.52541875
  0.46356486   1.10425943
  1.07183235   2.32079442
  1.07183235   4.87755556
  1.07183235  10.25103648
  3.89515995  21.54434690
  3.89515995  45.27921484
  3.89515995  95.16219296
 11.75799548 200.00000000
  2.25280420   0.25000000
  2.46159237   0.52541875
  2.91063679   1.10425943
  3.28979678   2.32079442
  3.63145074   4.87755556
  4.60505734  10.25103648
  6.53432845  21.54434690
 11.61838753  45.27921484
 20.42024884  95.16219296
 44.54297753 200.00000000
