  1.00000000   0.25000000
  1.00000000   0.52541875
  0.22222222   1.10425943
  0.22222222   2.32079442
  0.22222222   4.87755556
  0.00000000  10.25103648
  0.00000000  21.54434690
  0.00000000  45.27921484
  1.00000000  95.16219296
  0.11111111 200.00000000
  0.24975000   0.25000000
  0.31860469   0.52541875
  0.60802503   1.10425943
  1.82456002   2.32079442
  4.38132116   4.87755556
  4.38132116  10.25103648
 15.67463157  21.54434690
 15.67463157  45.27921484
 15.67463157  95.16219296
 15.67463157 200.00000000
  1.25572849   0.25000000
  1.38404451   0.52541875
  1.51315930   1.10425943
  1.58050324   2.32079442
  1.60952871   4.87755556
  1.63877939  10.25103648
  1.66094336  21.54434690
  1.69093370  45.27921484
  1.71574149  95.16219296
  3.15366473 200.00000000
