  1.00000000   0.25000000
  1.00000000   0.52541875
  0.33333333   1.10425943
  0.33333333   2.32079442
  0.33333333   4.87755556
  0.22222222  10.25103648
  1.00000000  21.54434690
  0.22222222  45.27921484
  0.11111111  95.16219296
  0.22222222 200.00000000
  0.24975000   0.25000000
  0.31860469   0.52541875
  0.60802503   1.10425943
  1.82456002   2.32079442
  4.38132116   4.87755556
  4.38132116  10.25103648
  4.38132116  21.54434690
  4.38132116  45.27921484
  4.38132116  95.16219296
 14.86510186 200.00000000
  1.59993708   0.25000000
  1.74628870   0.52541875
  1.91261480   1.10425943
  2.01274998   2.32079442
  2.05629430   4.87755556
  2.15256041  10.25103648
  2.33143675  21.54434690
  3.45189223  45.27921484
  6.52368301  95.16219296
 10.89793625 200.00000000
