  1.00000000   0.25000000
  1.00000000   0.52541875
  0.44444444   1.10425943
  0.00000000   2.32079442
  0.00000000   4.87755556
  0.33333333  10.25103648
  1.00000000  21.54434690
  0.22222222  45.27921484
  0.11111111  95.16219296
  0.11111111 200.00000000
  0.24975000   0.25000000
  0.38745937   0.52541875
  0.67687972   1.10425943
  1.58928095   2.32079442
  4.14604210   4.87755556
  4.14604210  10.25103648
  4.14604210  21.54434690
  4.14604210  45.27921484
  4.14604210  95.16219296
 14.62982280 200.00000000
  1.69852424   0.25000000
  1.85207599   0.52541875
  2.03459108   1.10425943
  2.14044687   2.32079442
  2.19715135   4.87755556
  2.32999935  10.25103648
  2.56298100  21.54434690
  3.73042506  45.27921484
  6.96893432  95.16219296
 12.39719393 200.00000000
