  1.00000000   0.25000000
  1.00000000   0.52541875
  0.33333333   1.10425943
  0.33333333   2.32079442
  0.33333333   4.87755556
  0.00000000  10.25103648
  0.00000000  21.54434690
  0.11111111  45.27921484
  0.11111111  95.16219296
  0.33333333 200.00000000
  0.24975000   0.25000000
  0.31860469   0.52541875
  0.60802503   1.10425943
  1.82456002   2.32079442
  4.38132116   4.87755556
  4.38132116  10.25103648
 15.67463157  21.54434690
 15.67463157  45.27921484
 65.55760969  95.16219296
 65.55760969 200.00000000
  1.42140683   0.25000000
  1.55828635   0.52541875
  1.70732717   1.10425943
  1.78993678   2.32079442
  1.82569896   4.87755556
  1.87594142  10.25103648
  1.90373470  21.54434690
  1.95017220  45.27921484
  1.96369560  95.16219296
  1.99667757 200.00000000
