  1.00000000   0.25000000
  1.00000000   0.52541875
  0.44444444   1.10425943
  0.00000000   2.32079442
  0.00000000   4.87755556
  0.33333333  10.25103648
  1.00000000  21.54434690
  0.22222222  45.27921484
  0.11111111  95.16219296
  0.11111111 200.00000000
  0.24975000   0.25000000
  0.31860469   0.52541875
  0.60802503   1.10425943
  1.52042627   2.32079442
  4.07718741   4.87755556
  4.07718741  10.25103648
  4.07718741  21.54434690
  4.07718741  45.27921484
  4.07718741  95.16219296
 11.94002294 200.00000000
  1.71663325   0.25000000
  1.92755398   0.52541875
  2.16786558   1.10425943
  2.30907184   2.32079442
  2.37684815   4.87755556
  2.57069793  10.25103648
  2.79292004  21.54434690
  4.02091292  45.27921484
  7.46503683  95.16219296
 14.33061124 200.00000000
