  1.00000000   0.25000000
  1.00000000   0.52541875
  1.00000000   1.10425943
  1.00000000   2.32079442
  0.44444444   4.87755556
  0.33333333  10.25103648
  0.22222222  21.54434690
  0.22222222  45.27921484
  0.11111111  95.16219296
  0.11111111 200.00000000
  0.25000000   0.25000000
  0.52541875   0.52541875
  0.81483909   1.10425943
  1.11897283   2.32079442
  1.11897283   4.87755556
  2.46234307  10.25103648
  2.46234307  21.54434690
  8.39606005  45.27921484
  8.39606005  95.16219296
 18.87984076 200.00000000
  3.90615896   0.25000000
  4.37810805   0.52541875
  4.79279090   1.10425943
  5.41230006   2.32079442
  6.52540976   4.87755556
  8.87635037  10.25103648
 14.75275822  21.54434690
 25.52592380  45.27921484
 50.85305044  95.16219296
105.40862827 200.00000000
