  1.00000000   0.25000000
  1.00000000   0.52541875
  0.77777778   1.10425943
  0.22222222   2.32079442
  0.22222222   4.87755556
  0.11111111  10.25103648
  0.11111111  21.54434690
  0.11111111  45.27921484
  0.11111111  95.16219296
  0.11111111 200.00000000
  0.25000000   0.25000000
  0.52541875   0.52541875
  0.95954926   1.10425943
  1.56781675   2.32079442
  2.84619732   4.87755556
  5.53293779  10.25103648
 11.17959299  21.54434690
 23.04702697  45.27921484
 47.98851602  95.16219296
100.71937362 200.00000000
 27.05725778   0.25000000
 43.03316703   0.52541875
 64.76520552   1.10425943
106.24881235   2.32079442
199.38592138   4.87755556
391.14787779  10.25103648
796.21310661  21.54434690
1646.26076132  45.27921484
3433.52876677  95.16219296
7189.94863835 200.00000000
