  1.00000000   0.25000000
  1.00000000   0.52541875
  1.00000000   1.10425943
  1.00000000   2.32079442
  0.33333333   4.87755556
  0.22222222  10.25103648
  0.22222222  21.54434690
  0.11111111  45.27921484
  0.11111111  95.16219296
  0.11111111 200.00000000
  0.25000000   0.25000000
  0.52541875   0.52541875
  0.95954926   1.10425943
  1.26368301   2.32079442
  1.26368301   4.87755556
  2.60705324  10.25103648
  2.60705324  21.54434690
  8.54077022  45.27921484
 21.01151475  95.16219296
 26.74468667 200.00000000
  6.75386621   0.25000000
  7.98304768   0.52541875
  9.06271014   1.10425943
 10.29693571   2.32079442
 13.60403246   4.87755556
 21.31061781  10.25103648
 37.13334208  21.54434690
 70.81386500  45.27921484
139.59494219  95.16219296
297.89147275 200.00000000
