  1.00000000   0.25000000
  1.00000000   0.52541875
  0.33333333   1.10425943
  0.33333333   2.32079442
  0.33333333   4.87755556
  0.00000000  10.25103648
  0.00000000  21.54434690
  0.11111111  45.27921484
  0.11111111  95.16219296
  0.22222222 200.00000000
  0.24975000   0.25000000
  0.31860469   0.52541875
  0.60802503   1.10425943
  1.82456002   2.32079442
  4.38132116   4.87755556
  4.38132116  10.25103648
 15.67463157  21.54434690
 15.67463157  45.27921484
 65.55760969  95.16219296
 65.55760969 200.00000000
  1.39695643   0.25000000
  1.53255481   0.52541875
  1.67871115   1.10425943
  1.75898994   2.32079442
  1.79372088   4.87755556
  1.84060883  10.25103648
  1.86753096  21.54434690
  1.91039260  45.27921484
  1.92345835  95.16219296
  1.95318485 200.00000000
