  1.00000000   0.25000000
  1.00000000   0.52541875
  0.33333333   1.10425943
  0.11111111   2.32079442
  0.11111111   4.87755556
  0.44444444  10.25103648
  1.00000000  21.54434690
  0.11111111  45.27921484
  0.22222222  95.16219296
  0.11111111 200.00000000
  0.25000000   0.25000000
  0.25000000   0.52541875
  0.39471017   1.10425943
  1.30711141   2.32079442
  3.86387255   4.87755556
  3.86387255  10.25103648
  3.86387255  21.54434690
  3.86387255  45.27921484
  3.86387255  95.16219296
  9.10576291 200.00000000
  1.65232092   0.25000000
  1.84110377   0.52541875
  2.22167836   1.10425943
  2.48693834   2.32079442
  2.57804029   4.87755556
  2.78140523  10.25103648
  3.04579721  21.54434690
  4.77414230  45.27921484
  8.76528353  95.16219296
 17.76484511 200.00000000
