  1.00000000   0.25000000
  1.00000000   0.52541875
  0.22222222   1.10425943
  0.22222222   2.32079442
  0.22222222   4.87755556
  0.00000000  10.25103648
  0.00000000  21.54434690
  0.00000000  45.27921484
  0.00000000  95.16219296
  0.88888889 200.00000000
  0.24975000   0.25000000
  0.31860469   0.52541875
  0.60802503   1.10425943
  1.82456002   2.32079442
  4.38132116   4.87755556
  4.38132116  10.25103648
 15.67463157  21.54434690
 15.67463157  45.27921484
 65.55760969  95.16219296
 65.55760969 200.00000000
  1.26639734   0.25000000
  1.39531760   0.52541875
  1.52608648   1.10425943
  1.59440637   2.32079442
  1.62386128   4.87755556
  1.65378054  10.25103648
  1.67628522  21.54434690
  1.70369686  45.27921484
  1.71448804  95.16219296
  1.76801239 200.00000000
