  1.00000000   0.25000000
  1.00000000   0.52541875
  0.44444444   1.10425943
  0.33333333   2.32079442
  1.00000000   4.87755556
  0.33333333  10.25103648
  0.22222222  21.54434690
  0.11111111  45.27921484
  0.22222222  95.16219296
  0.11111111 200.00000000
  0.25000000   0.25000000
  0.31885469   0.52541875
  0.46356486   1.10425943
  1.37596610   2.32079442
  1.37596610   4.87755556
  1.37596610  10.25103648
  1.37596610  21.54434690
  7.30968308  45.27921484
  7.30968308  95.16219296
 12.55157344 200.00000000
  2.14099424   0.25000000
  2.35339277   0.52541875
  2.80811097   1.10425943
  3.16825712   2.32079442
  3.41277395   4.87755556
  4.32209128  10.25103648
  6.03561030  21.54434690
 10.29208772  45.27921484
 18.92019230  95.16219296
 40.39890233 200.00000000
