  1.00000000   0.25000000
  1.00000000   0.52541875
  0.77777778   1.10425943
  0.66666667   2.32079442
  0.55555556   4.87755556
  0.33333333  10.25103648
  0.22222222  21.54434690
  0.22222222  45.27921484
  0.11111111  95.16219296
  0.11111111 200.00000000
  0.25000000   0.25000000
  0.52541875   0.52541875
  0.52541875   1.10425943
  1.13368624   2.32079442
  1.13368624   4.87755556
  1.13368624  10.25103648
  3.95701384  21.54434690
  3.95701384  45.27921484
  3.95701384  95.16219296
 14.44079455 200.00000000
  2.78402401   0.25000000
  3.04712255   0.52541875
  3.40608213   1.10425943
  3.87374811   2.32079442
  4.48987792   4.87755556
  5.85404403  10.25103648
  8.91506267  21.54434690
 15.21830069  45.27921484
 28.47617478  95.16219296
 61.90523836 200.00000000
