  1.00000000   0.25000000
  1.00000000   0.52541875
  0.33333333   1.10425943
  0.33333333   2.32079442
  0.33333333   4.87755556
  0.11111111  10.25103648
  0.11111111  21.54434690
  0.44444444  45.27921484
  1.00000000  95.16219296
  0.22222222 200.00000000
  0.24975000   0.25000000
  0.31860469   0.52541875
  0.60802503   1.10425943
  1.82456002   2.32079442
  4.38132116   4.87755556
  4.38132116  10.25103648
 15.67463157  21.54434690
 15.67463157  45.27921484
 15.67463157  95.16219296
 28.45310640 200.00000000
  1.66197958   0.25000000
  1.81217693   0.52541875
  1.99075771   1.10425943
  2.09792975   2.32079442
  2.14461205   4.87755556
  2.22987183  10.25103648
  2.26699927  21.54434690
  2.35179337  45.27921484
  2.42354270  95.16219296
  2.50384506 200.00000000
