  1.00000000   0.25000000
  1.00000000   0.52541875
  1.00000000   1.10425943
  1.00000000   2.32079442
  0.44444444   4.87755556
  0.22222222  10.25103648
  0.22222222  21.54434690
  0.11111111  45.27921484
  0.11111111  95.16219296
  0.11111111 200.00000000
  0.25000000   0.25000000
  0.52541875   0.52541875
  0.95954926   1.10425943
  1.26368301   2.32079442
  1.26368301   4.87755556
  2.60705324  10.25103648
  2.60705324  21.54434690
  8.54077022  45.27921484
  8.54077022  95.16219296
 19.02455093 200.00000000
  5.29236480   0.25000000
  6.09313740   0.52541875
  6.77323343   1.10425943
  7.62164065   2.32079442
  9.59301936   4.87755556
 14.02904055  10.25103648
 23.99613906  21.54434690
 44.18231160  45.27921484
 86.34302662  95.16219296
181.26386445 200.00000000
