  1.00000000   0.25000000
  1.00000000   0.52541875
  0.44444444   1.10425943
  0.22222222   2.32079442
  0.22222222   4.87755556
  0.44444444  10.25103648
  1.00000000  21.54434690
  0.11111111  45.27921484
  0.22222222  95.16219296
  0.11111111 200.00000000
  0.25000000   0.25000000
  0.25000000   0.52541875
  0.39471017   1.10425943
  1.30711141   2.32079442
  3.86387255   4.87755556
  3.86387255  10.25103648
  3.86387255  21.54434690
  3.86387255  45.27921484
  3.86387255  95.16219296
  9.10576291 200.00000000
  1.71711993   0.25000000
  1.90943033   0.52541875
  2.30085638   1.10425943
  2.58211434   2.32079442
  2.67917577   4.87755556
  2.89938199  10.25103648
  3.28475313  21.54434690
  5.61811430  45.27921484
 10.08357508  95.16219296
 20.81055042 200.00000000
