  1.00000000   0.25000000
  1.00000000   0.52541875
  0.66666667   1.10425943
  0.55555556   2.32079442
  0.55555556   4.87755556
  0.33333333  10.25103648
  0.22222222  21.54434690
  0.22222222  45.27921484
  0.11111111  95.16219296
  0.11111111 200.00000000
  0.25000000   0.25000000
  0.52541875   0.52541875
  0.52541875   1.10425943
  1.13368624   2.32079442
  1.13368624   4.87755556
  1.13368624  10.25103648
  3.95701384  21.54434690
  3.95701384  45.27921484
  3.95701384  95.16219296
 14.44079455 200.00000000
  2.58204436   0.25000000
  2.81322309   0.52541875
  3.20080231   1.10425943
  3.63575775   2.32079442
  4.16579972   4.87755556
  5.37181872  10.25103648
  7.97366557  21.54434690
 13.85666183  45.27921484
 25.20597224  95.16219296
 55.15100291 200.00000000
