  1.00000000   0.25000000
  1.00000000   0.52541875
  0.44444444   1.10425943
  0.33333333   2.32079442
  1.00000000   4.87755556
  0.33333333  10.25103648
  0.22222222  21.54434690
  0.11111111  45.27921484
  0.11111111  95.16219296
  0.11111111 200.00000000
  0.25000000   0.25000000
  0.31885469   0.52541875
  0.46356486   1.10425943
  1.37596610   2.32079442
  1.37596610   4.87755556
  1.37596610  10.25103648
  1.37596610  21.54434690
  1.37596610  45.27921484
 13.84671063  95.16219296
 13.84671063 200.00000000
  2.05920589   0.25000000
  2.27043928   0.52541875
  2.72189172   1.10425943
  3.06724507   2.32079442
  3.23205103   4.87755556
  4.06644558  10.25103648
  5.61035606  21.54434690
  9.19053945  45.27921484
 16.91748807  95.16219296
 36.90537216 200.00000000
