  1.00000000   0.25000000
  1.00000000   0.52541875
  0.33333333   1.10425943
  0.33333333   2.32079442
  0.33333333   4.87755556
  0.11111111  10.25103648
  0.11111111  21.54434690
  0.22222222  45.27921484
  1.00000000  95.16219296
  0.22222222 200.00000000
  0.24975000   0.25000000
  0.31860469   0.52541875
  0.60802503   1.10425943
  1.82456002   2.32079442
  4.38132116   4.87755556
  4.38132116  10.25103648
 15.67463157  21.54434690
 15.67463157  45.27921484
 28.14537610  95.16219296
 28.14537610 200.00000000
  1.54276067   0.25000000
  1.68619368   0.52541875
  1.84984968   1.10425943
  1.94447790   2.32079442
  1.98557165   4.87755556
  2.05306523  10.25103648
  2.08539313  21.54434690
  2.15064433  45.27921484
  2.17864772  95.16219296
  2.23162950 200.00000000
