  1.00000000   0.25000000
  1.00000000   0.52541875
  0.33333333   1.10425943
  0.33333333   2.32079442
  0.33333333   4.87755556
  0.11111111  10.25103648
  1.00000000  21.54434690
  0.22222222  45.27921484
  0.11111111  95.16219296
  0.22222222 200.00000000
  0.24975000   0.25000000
  0.31860469   0.52541875
  0.60802503   1.10425943
  1.82456002   2.32079442
  4.38132116   4.87755556
  4.38132116  10.25103648
  4.38132116  21.54434690
  4.38132116  45.27921484
  4.38132116  95.16219296
 14.86510186 200.00000000
  1.44574936   0.25000000
  1.58363261   0.52541875
  1.73209212   1.10425943
  1.81674122   2.32079442
  1.85340648   4.87755556
  1.91673005  10.25103648
  1.96631622  21.54434690
  2.95634612  45.27921484
  5.75731010  95.16219296
  8.73571110 200.00000000
