  1.00000000   0.25000000
  1.00000000   0.52541875
  0.33333333   1.10425943
  0.33333333   2.32079442
  0.33333333   4.87755556
  0.11111111  10.25103648
  0.11111111  21.54434690
  0.22222222  45.27921484
  0.00000000  95.16219296
  0.66666667 200.00000000
  0.24975000   0.25000000
  0.31860469   0.52541875
  0.60802503   1.10425943
  1.82456002   2.32079442
  4.38132116   4.87755556
  4.38132116  10.25103648
 15.67463157  21.54434690
 15.67463157  45.27921484
 53.08686516  95.16219296
 53.08686516 200.00000000
  1.47715107   0.25000000
  1.61699977   0.52541875
  1.77268745   1.10425943
  1.86072438   2.32079442
  1.89889128   4.87755556
  1.95694064  10.25103648
  1.98677317  21.54434690
  2.04165322  45.27921484
  2.05718443  95.16219296
  2.09909451 200.00000000
