  1.00000000   0.25000000
  1.00000000   0.52541875
  1.00000000   1.10425943
  1.00000000   2.32079442
  0.44444444   4.87755556
  0.22222222  10.25103648
  0.22222222  21.54434690
  0.11111111  45.27921484
  0.11111111  95.16219296
  0.11111111 200.00000000
  0.25000000   0.25000000
  0.52541875   0.52541875
  0.81483909   1.10425943
  1.11897283   2.32079442
  1.11897283   4.87755556
  2.46234307  10.25103648
  2.46234307  21.54434690
  8.39606005  45.27921484
  8.39606005  95.16219296
 18.87984076 200.00000000
  4.75176192   0.25000000
  5.41519374   0.52541875
  5.97472731   1.10425943
  6.72418081   2.32079442
  8.30744831   4.87755556
 11.84985457  10.25103648
 20.02827098  21.54434690
 36.19494094  45.27921484
 71.01845097  95.16219296
148.22986473 200.00000000
