  1.00000000   0.25000000
  1.00000000   0.52541875
  0.55555556   1.10425943
  0.00000000   2.32079442
  0.00000000   4.87755556
  0.11111111  10.25103648
  0.11111111  21.54434690
  0.44444444  45.27921484
  1.00000000  95.16219296
  0.33333333 200.00000000
  0.24975000   0.25000000
  0.38745937   0.52541875
  0.67687972   1.10425943
  1.58928095   2.32079442
  4.14604210   4.87755556
  4.14604210  10.25103648
 15.43935251  21.54434690
 15.43935251  45.27921484
 15.43935251  95.16219296
 32.21743516 200.00000000
  1.75853477   0.25000000
  1.91632886   0.52541875
  2.10903311   1.10425943
  2.22836802   2.32079442
  2.28904374   4.87755556
  2.38424377  10.25103648
  2.42822143  21.54434690
  2.52337161  45.27921484
  2.63341258  95.16219296
  2.75216052 200.00000000
