  1.00000000   0.25000000
  1.00000000   0.52541875
  1.00000000   1.10425943
  1.00000000   2.32079442
  0.33333333   4.87755556
  0.22222222  10.25103648
  0.22222222  21.54434690
  0.11111111  45.27921484
  0.11111111  95.16219296
  0.11111111 200.00000000
  0.25000000   0.25000000
  0.52541875   0.52541875
  0.95954926   1.10425943
  1.26368301   2.32079442
  1.26368301   4.87755556
  2.60705324  10.25103648
  5.43038084  21.54434690
  5.43038084  45.27921484
 17.90112537  95.16219296
 32.52389314 200.00000000
  7.78492898   0.25000000
  9.36585952   0.52541875
 10.78650096   1.10425943
 12.40790543   2.32079442
 16.97315295   4.87755556
 27.56219948  10.25103648
 49.06842013  21.54434690
 93.64246280  45.27921484
190.74932983  95.16219296
398.28382477 200.00000000
