  1.00000000   0.25000000
  1.00000000   0.52541875
  1.00000000   1.10425943
  1.00000000   2.32079442
  0.22222222   4.87755556
  0.22222222  10.25103648
  0.11111111  21.54434690
  0.11111111  45.27921484
  0.11111111  95.16219296
  0.11111111 200.00000000
  0.25000000   0.25000000
  0.52541875   0.52541875
  0.95954926   1.10425943
  1.26368301   2.32079442
  1.26368301   4.87755556
  2.60705324  10.25103648
  5.43038084  21.54434690
 11.36409783  45.27921484
 23.83484236  95.16219296
 36.86047729 200.00000000
  9.15117208   0.25000000
 11.26079364   0.52541875
 13.21348952   1.10425943
 15.52548579   2.32079442
 22.17695152   4.87755556
 37.27918673  10.25103648
 68.03319105  21.54434690
132.20458086  45.27921484
266.46652343  95.16219296
561.17528846 200.00000000
