  1.00000000   0.25000000
  1.00000000   0.52541875
  0.33333333   1.10425943
  0.33333333   2.32079442
  0.33333333   4.87755556
  0.00000000  10.25103648
  0.00000000  21.54434690
  0.00000000  45.27921484
  0.00000000  95.16219296
  0.11111111 200.00000000
  0.24975000   0.25000000
  0.31860469   0.52541875
  0.60802503   1.10425943
  1.82456002   2.32079442
  4.38132116   4.87755556
  4.38132116  10.25103648
 15.67463157  21.54434690
 15.67463157  45.27921484
 65.55760969  95.16219296
 65.55760969 200.00000000
  1.33624616   0.25000000
  1.46871521   0.52541875
  1.60776544   1.10425943
  1.68238574   2.32079442
  1.71461710   4.87755556
  1.75334554  10.25103648
  1.77816454  21.54434690
  1.81265404  45.27921484
  1.82462245  95.16219296
  1.84436408 200.00000000
