  1.00000000   0.25000000
  1.00000000   0.52541875
  1.00000000   1.10425943
  0.88888889   2.32079442
  0.66666667   4.87755556
  0.33333333  10.25103648
  0.22222222  21.54434690
  0.22222222  45.27921484
  0.11111111  95.16219296
  0.11111111 200.00000000
  0.25000000   0.25000000
  0.52541875   0.52541875
  0.67012892   1.10425943
  0.97426266   2.32079442
  1.61345295   4.87755556
  1.61345295  10.25103648
  1.61345295  21.54434690
  7.54716993  45.27921484
  7.54716993  95.16219296
 18.03095064 200.00000000
  3.27285782   0.25000000
  3.62045686   0.52541875
  3.97390653   1.10425943
  4.50741824   2.32079442
  5.32101568   4.87755556
  7.14756521  10.25103648
 11.16811457  21.54434690
 19.20972586  45.27921484
 38.32338425  95.16219296
 79.32844329 200.00000000
