  1.00000000   0.25000000
  1.00000000   0.52541875
  1.00000000   1.10425943
  0.88888889   2.32079442
  0.55555556   4.87755556
  0.33333333  10.25103648
  0.22222222  21.54434690
  0.22222222  45.27921484
  0.11111111  95.16219296
  0.11111111 200.00000000
  0.25000000   0.25000000
  0.52541875   0.52541875
  0.67012892   1.10425943
  0.97426266   2.32079442
  0.97426266   4.87755556
  2.31763289  10.25103648
  2.31763289  21.54434690
  2.31763289  45.27921484
 14.78837742  95.16219296
 14.78837742 200.00000000
  3.01308123   0.25000000
  3.31450941   0.52541875
  3.66309007   1.10425943
  4.16151468   2.32079442
  4.86374781   4.87755556
  6.43284552  10.25103648
 10.04542516  21.54434690
 16.79378134  45.27921484
 32.65018728  95.16219296
 69.86860042 200.00000000
