  1.00000000   0.25000000
  1.00000000   0.52541875
  1.00000000   1.10425943
  0.66666667   2.32079442
  0.22222222   4.87755556
  0.22222222  10.25103648
  0.11111111  21.54434690
  0.11111111  45.27921484
  0.11111111  95.16219296
  0.11111111 200.00000000
  0.25000000   0.25000000
  0.52541875   0.52541875
  0.95954926   1.10425943
  1.26368301   2.32079442
  1.90287329   4.87755556
  3.24624352  10.25103648
  6.06957113  21.54434690
 12.00328811  45.27921484
 24.47403264  95.16219296
 44.54201111 200.00000000
 11.05165631   0.25000000
 14.01529900   0.52541875
 16.87269274   1.10425943
 20.54162033   2.32079442
 30.95787608   4.87755556
 53.60582513  10.25103648
100.37402512  21.54434690
198.97623932  45.27921484
404.42937439  95.16219296
845.39449779 200.00000000
