  1.00000000   0.25000000
  1.00000000   0.52541875
  0.44444444   1.10425943
  0.22222222   2.32079442
  0.22222222   4.87755556
  0.44444444  10.25103648
  0.66666667  21.54434690
  0.11111111  45.27921484
  0.22222222  95.16219296
  0.11111111 200.00000000
  0.25000000   0.25000000
  0.25000000   0.52541875
  0.39471017   1.10425943
  1.30711141   2.32079442
  3.86387255   4.87755556
  3.86387255  10.25103648
  3.86387255  21.54434690
  3.86387255  45.27921484
  3.86387255  95.16219296
  9.10576291 200.00000000
  1.74398686   0.25000000
  1.93780240   0.52541875
  2.33384829   1.10425943
  2.62188471   2.32079442
  2.72148233   4.87755556
  2.94758620  10.25103648
  3.41075222  21.54434690
  5.96233202  45.27921484
 10.60835511  95.16219296
 22.07188575 200.00000000
