  1.00000000   0.25000000
  1.00000000   0.52541875
  0.22222222   1.10425943
  0.22222222   2.32079442
  0.22222222   4.87755556
  0.00000000  10.25103648
  0.00000000  21.54434690
  0.00000000  45.27921484
  0.00000000  95.16219296
  1.00000000 200.00000000
  0.24975000   0.25000000
  0.31860469   0.52541875
  0.60802503   1.10425943
  1.82456002   2.32079442
  4.38132116   4.87755556
  4.38132116  10.25103648
 15.67463157  21.54434690
 15.67463157  45.27921484
 65.55760969  95.16219296
 65.55760969 200.00000000
  1.26105269   0.25000000
  1.38969294   0.52541875
  1.51976566   1.10425943
  1.58760763   2.32079442
  1.61685222   4.87755556
  1.64621617  10.25103648
  1.66854878  21.54434690
  1.69627754  45.27921484
  1.70699034  95.16219296
  1.80733211 200.00000000
