  1.00000000   0.25000000
  1.00000000   0.52541875
  0.33333333   1.10425943
  0.33333333   2.32079442
  0.33333333   4.87755556
  0.11111111  10.25103648
  0.11111111  21.54434690
  0.11111111  45.27921484
  0.11111111  95.16219296
  0.55555556 200.00000000
  0.24975000   0.25000000
  0.31860469   0.52541875
  0.60802503   1.10425943
  1.82456002   2.32079442
  4.38132116   4.87755556
  4.38132116  10.25103648
 15.67463157  21.54434690
 15.67463157  45.27921484
 65.55760969  95.16219296
 65.55760969 200.00000000
  1.44810433   0.25000000
  1.58639730   0.52541875
  1.73860837   1.10425943
  1.82379754   2.32079442
  1.86070206   4.87755556
  1.91465257  10.25103648
  1.94341315  21.54434690
  1.99384782  45.27921484
  2.00788096  95.16219296
  2.04426958 200.00000000
