  1.00000000   0.25000000
  1.00000000   0.52541875
  0.33333333   1.10425943
  0.11111111   2.32079442
  0.11111111   4.87755556
  0.33333333  10.25103648
  1.00000000  21.54434690
  0.22222222  45.27921484
  0.11111111  95.16219296
  0.11111111 200.00000000
  0.25000000   0.25000000
  0.25000000   0.52541875
  0.39471017   1.10425943
  1.30711141   2.32079442
  3.86387255   4.87755556
  3.86387255  10.25103648
  3.86387255  21.54434690
  3.86387255  45.27921484
  3.86387255  95.16219296
  9.10576291 200.00000000
  1.61965679   0.25000000
  1.80671529   0.52541875
  2.18195674   1.10425943
  2.43936326   2.32079442
  2.52754484   4.87755556
  2.72122723  10.25103648
  2.94735791  21.54434690
  4.35202016  45.27921484
  8.05161783  95.16219296
 16.19739539 200.00000000
