  1.00000000   0.25000000
  1.00000000   0.52541875
  1.00000000   1.10425943
  1.00000000   2.32079442
  0.44444444   4.87755556
  0.33333333  10.25103648
  0.22222222  21.54434690
  0.22222222  45.27921484
  0.11111111  95.16219296
  0.11111111 200.00000000
  0.25000000   0.25000000
  0.52541875   0.52541875
  0.81483909   1.10425943
  1.11897283   2.32079442
  1.11897283   4.87755556
  2.46234307  10.25103648
  2.46234307  21.54434690
  8.39606005  45.27921484
  8.39606005  95.16219296
 18.87984076 200.00000000
  4.29592660   0.25000000
  4.85256540   0.52541875
  5.32837210   1.10425943
  6.00245196   2.32079442
  7.31438232   4.87755556
 10.17864973  10.25103648
 17.05471178  21.54434690
 30.16017243  45.27921484
 59.62823783  95.16219296
123.90466340 200.00000000
