  0.62970298   0.00000000   1.00500342   1.00000000
  0.90319208   0.40078650   1.00511341   1.01108829
  0.99821211   0.52787090   1.00483058   1.01666184
  1.02433953   0.56241639   1.00512253   1.01199159
  1.03005090   0.57027994   1.00487198   1.01359223
  1.03244307   0.57331436   1.00502954   1.01007226
  1.03291300   0.57390489   1.00506179   1.00985633
  1.03346173   0.57451584   1.00518628   1.00971576
  1.03422838   0.57562837   1.00508653   1.00824067
  1.03521939   0.57716347   1.00487711   1.00621133
  1.03684785   0.57927551   1.00493362   1.00517334
  1.03679899   0.57929303   1.00485249   1.00694817
  1.03717003   0.57977366   1.00487105   1.00590525
  1.03816156   0.58088637   1.00507231   1.00365143
  1.03877883   0.58179277   1.00499882   1.00333049
  1.03793761   0.58061062   1.00505914   1.00549450
  1.03800758   0.58063647   1.00512459   1.00628351
  0.96844387   0.57983890   1.00497793   1.00887004
  0.64683609   0.63697092   0.68212000   1.00000000
  0.67811232   0.69952338   0.68212000   1.00000000
  0.69382988   0.73095851   0.68212000   1.00000000
  0.70170573   0.74671021   0.68212000   1.00000000
  0.70563809   0.75457493   0.68212000   1.00000000
  0.70759970   0.75849815   0.68212000   1.00000000
  0.70858992   0.76047858   0.68212000   1.00000000
  0.70907464   0.76144803   0.68212000   1.00000000
  0.70932396   0.76194666   0.68212000   1.00000000
  0.70943119   0.76216113   0.68212000   1.00000000
  0.70950230   0.76230334   0.68212000   1.00000000
  0.70954622   0.76239118   0.68212000   1.00000000
  0.70955402   0.76240678   0.68212000   1.00000000
  0.70956674   0.76243222   0.68212000   1.00000000
  0.70956716   0.76243307   0.68212000   1.00000000
  0.71878387   0.76243145   0.68212000   1.00000000
  0.71434731   0.75651604   0.68212000   1.00000000
  0.71323112   0.75502779   0.68212000   1.00000000
  0.71294287   0.75464345   0.68212000   1.00000000
  0.71286988   0.75454613   0.68212000   1.00000000
  0.71285395   0.75452489   0.68212000   1.00000000
  0.71285163   0.75452180   0.68212000   1.00000000
  0.71350822   0.75539725   0.68212000   1.00000000
  0.69916396   0.75562827   0.68212000   1.00000000
  0.70214223   0.77558641   0.68212000   1.00000000
  0.76363710   0.79617215   0.68212000   1.00000000
  0.75309663   0.75401029   0.68212000   1.00000000
  0.74464135   0.72018915   0.68212000   1.00000000
  0.88271180   0.69376518   0.68212000   1.00000000
  0.83687784   0.51989805   0.68212000   1.00000000
  0.79029208   0.38501319   0.68212000   1.00000000
  0.85986727   0.29197396   0.68212000   1.00000000
  0.73326977   0.12045762   0.68212000   1.00000000
  0.69779401   0.07313243   0.68212000   1.00000000
  0.68841003   0.06062045   0.68212000   1.00000000
  0.73936540   0.05731934   0.68212000   1.00000000
