  0.62970298   0.00000000   1.00500342
  0.91320693   0.40523054   1.01625840
  1.02591263   0.54251939   1.03271476
  1.06504855   0.58476779   1.04506783
  1.08498759   0.60069523   1.05846579
  1.09790638   0.60966606   1.06875467
  1.10858684   0.61595063   1.07869518
  1.11921664   0.62218819   1.08859494
  1.12856963   0.62813661   1.09676950
  1.13608113   0.63339669   1.10278259
  1.14323221   0.63871129   1.10804346
  1.15038219   0.64275562   1.11493590
  1.15691862   0.64671262   1.12089050
  1.16181541   0.65007486   1.12478494
  1.16596584   0.65302688   1.12804984
  1.17072457   0.65489015   1.13363984
  1.17732583   0.65856775   1.14002938
  1.10701562   0.66280632   1.14877723
  0.73938994   0.72811319   0.77972252
  0.77514139   0.79961610   0.77972252
  0.79310794   0.83554919   0.77972252
  0.80211072   0.85355475   0.77972252
  0.80660575   0.86254482   0.77972252
  0.80884804   0.86702939   0.77972252
  0.80997994   0.86929319   0.77972252
  0.81053402   0.87040136   0.77972252
  0.81081901   0.87097134   0.77972252
  0.81094159   0.87121649   0.77972252
  0.81102287   0.87137905   0.77972252
  0.81107308   0.87147947   0.77972252
  0.81108199   0.87149730   0.77972252
  0.81109653   0.87152638   0.77972252
  0.81109702   0.87152735   0.77972252
  0.82163252   0.87152549   0.77972252
  0.81656115   0.86476367   0.77972252
  0.81528524   0.86306246   0.77972252
  0.81495574   0.86262313   0.77972252
  0.81487231   0.86251189   0.77972252
  0.81485410   0.86248761   0.77972252
  0.81485145   0.86248408   0.77972252
  0.81560199   0.86348479   0.77972252
  0.79920525   0.86374887   0.77972252
  0.80260968   0.88656276   0.77972252
  0.87290366   0.91009406   0.77972252
  0.86085499   0.86189937   0.77972252
  0.85118986   0.82323887   0.77972252
  1.00901641   0.79303397   0.77972252
  0.95662420   0.59428871   0.77972252
  0.90337262   0.44010358   0.77972252
  0.98290311   0.33375165   0.77972252
  0.83819116   0.13769354   0.77972252
  0.79763928   0.08359673   0.77972252
  0.78691257   0.06929445   0.77972252
  0.84515900   0.06552100   0.77972252
