  0.30331334   0.07198710   0.81337856
  0.29086298   0.21184485   0.58484359
  0.26613192   0.26835745   0.50385949
  0.25819898   0.28500041   0.48158512
  0.25647316   0.28862787   0.47671913
  0.25578548   0.29011535   0.47467727
  0.25560379   0.29044989   0.47428638
  0.25542350   0.29081689   0.47380891
  0.25517508   0.29131145   0.47317670
  0.29144837   0.25537282   0.53979839
  0.29070406   0.25665722   0.53821988
  0.29073547   0.25661106   0.53826054
  0.29048742   0.25698727   0.53788157
  0.29033788   0.25745924   0.53694607
  0.28994835   0.25806440   0.53631582
  0.29019842   0.25753372   0.53713518
  0.32637224   0.22138124   0.60420780
  0.28658688   0.32978608   0.47054091
  0.42974704   0.24250779   0.64042772
  0.42140825   0.28212281   0.60043551
  0.41635838   0.30289025   0.58033782
  0.41361037   0.31351410   0.57026715
  0.41218829   0.31886855   0.56523893
  0.41143810   0.32158034   0.56273067
  0.41109065   0.32291801   0.56146450
  0.41088223   0.32361116   0.56084469
  0.41081306   0.32392964   0.56052590
  0.41073443   0.32411550   0.56038878
  0.41071322   0.32420782   0.56029786
  0.41072309   0.32424187   0.56024170
  0.41072815   0.32424461   0.56023172
  0.41073646   0.32424902   0.56021546
  0.41071872   0.32426719   0.56021492
  0.49659296   0.22917461   0.68453700
  0.49672313   0.22756560   0.68615783
  0.49675834   0.22715833   0.68656562
  0.49676761   0.22705296   0.68667093
  0.49676912   0.22702712   0.68669759
  0.49676026   0.22703068   0.68670341
  0.51882780   0.20496236   0.71706210
  0.51884989   0.20515914   0.71690218
  0.64783078   0.09075352   0.87816441
  0.73084437   0.02471981   0.96771824
  0.71465506   0.00000000   1.00000000
  0.68303366   0.00000000   1.00000000
  0.65766780   0.00000000   1.00000000
  0.49317338   0.00000000   1.00000000
  0.36514021   0.00000000   1.00000000
  0.27684111   0.00000000   1.00000000
  0.11422670   0.00000000   1.00000000
  0.06930785   0.00000000   1.00000000
  0.05745842   0.00000000   1.00000000
  0.05433043   0.00000000   1.00000000
  0.00000000   0.00007394   0.00000000
