  1.00000000   0.25000000
  1.00000000   0.52541875
  1.00000000   1.10425943
  0.00000000   2.32079442
  0.00000000   4.87755556
  0.88888889  10.25103648
  1.00000000  21.54434690
  0.55555556  45.27921484
  0.33333333  95.16219296
  0.22222222 200.00000000
  0.24975000   0.25000000
  0.38745937   0.52541875
  0.67687972   1.10425943
  1.58928095   2.32079442
  4.14604210   4.87755556
  4.14604210  10.25103648
  4.14604210  21.54434690
  4.14604210  45.27921484
  4.14604210  95.16219296
 12.00887763 200.00000000
  1.20323989   0.25000000
  1.37407103   0.52541875
  1.57604958   1.10425943
  1.68966414   2.32079442
  1.73516901   4.87755556
  1.87337117  10.25103648
  2.07710121  21.54434690
  2.83102980  45.27921484
  4.90219177  95.16219296
  8.84626589 200.00000000
