  1.00000000   0.25000000
  1.00000000   0.52541875
  1.00000000   1.10425943
  0.88888889   2.32079442
  0.88888889   4.87755556
  0.55555556  10.25103648
  0.44444444  21.54434690
  0.33333333  45.27921484
  0.33333333  95.16219296
  0.22222222 200.00000000
  0.25000000   0.25000000
  0.52541875   0.52541875
  0.52541875   1.10425943
  1.13368624   2.32079442
  1.13368624   4.87755556
  1.13368624  10.25103648
  3.95701384  21.54434690
  3.95701384  45.27921484
 16.42775837  95.16219296
 20.89515254 200.00000000
  1.45018066   0.25000000
  1.65098503   0.52541875
  1.97608825   1.10425943
  2.34342501   2.32079442
  2.79958379   4.87755556
  3.97399205  10.25103648
  6.56218664  21.54434690
 11.74405268  45.27921484
 22.55046995  95.16219296
 48.94065413 200.00000000
