  1.00000000   0.25000000
  1.00000000   0.52541875
  0.77777778   1.10425943
  0.44444444   2.32079442
  0.44444444   4.87755556
  0.88888889  10.25103648
  0.55555556  21.54434690
  0.33333333  45.27921484
  0.33333333  95.16219296
  0.22222222 200.00000000
  0.25000000   0.25000000
  0.31885469   0.52541875
  0.46356486   1.10425943
  1.37596610   2.32079442
  3.93272724   4.87755556
  3.93272724  10.25103648
  3.93272724  21.54434690
  3.93272724  45.27921484
  3.93272724  95.16219296
 14.41650794 200.00000000
  1.14188881   0.25000000
  1.31899820   0.52541875
  1.71814200   1.10425943
  2.01671309   2.32079442
  2.09662537   4.87755556
  2.46788766  10.25103648
  3.88245500  21.54434690
  7.04215522  45.27921484
 12.43569712  95.16219296
 27.33640453 200.00000000
