  1.00000000   0.25000000
  1.00000000   0.52541875
  0.77777778   1.10425943
  0.00000000   2.32079442
  0.00000000   4.87755556
  0.00000000  10.25103648
  0.00000000  21.54434690
  1.00000000  45.27921484
  0.22222222  95.16219296
  0.33333333 200.00000000
  0.24975000   0.25000000
  0.38745937   0.52541875
  0.67687972   1.10425943
  1.58928095   2.32079442
  4.14604210   4.87755556
  4.14604210  10.25103648
 15.43935251  21.54434690
 15.43935251  45.27921484
 15.43935251  95.16219296
 15.43935251 200.00000000
  1.09570541   0.25000000
  1.24415724   0.52541875
  1.41498324   1.10425943
  1.49637450   2.32079442
  1.53195416   4.87755556
  1.58124819  10.25103648
  1.59909218  21.54434690
  1.75431511  45.27921484
  3.56647437  95.16219296
  6.03586027 200.00000000
