  1.00000000   0.25000000
  1.00000000   0.52541875
  0.77777778   1.10425943
  0.00000000   2.32079442
  0.00000000   4.87755556
  0.66666667  10.25103648
  1.00000000  21.54434690
  0.33333333  45.27921484
  0.44444444  95.16219296
  0.22222222 200.00000000
  0.25000000   0.25000000
  0.25000000   0.52541875
  0.53942034   1.10425943
  1.14768784   2.32079442
  3.70444898   4.87755556
  3.70444898  10.25103648
  3.70444898  21.54434690
  3.70444898  45.27921484
  3.70444898  95.16219296
 11.56728451 200.00000000
  1.05744136   0.25000000
  1.22557925   0.52541875
  1.59744454   1.10425943
  1.86452389   2.32079442
  1.95207617   4.87755556
  2.14661998  10.25103648
  2.33416696  21.54434690
  4.03566138  45.27921484
  7.05234411  95.16219296
 14.62664033 200.00000000
