  1.00000000   0.25000000
  1.00000000   0.52541875
  0.77777778   1.10425943
  0.44444444   2.32079442
  0.44444444   4.87755556
  0.77777778  10.25103648
  0.77777778  21.54434690
  0.22222222  45.27921484
  0.44444444  95.16219296
  0.22222222 200.00000000
  0.25000000   0.25000000
  0.31885469   0.52541875
  0.46356486   1.10425943
  1.37596610   2.32079442
  3.93272724   4.87755556
  3.93272724  10.25103648
  3.93272724  21.54434690
  3.93272724  45.27921484
  3.93272724  95.16219296
 11.79556277 200.00000000
  1.09195898   0.25000000
  1.26516219   0.52541875
  1.65721710   1.10425943
  1.93663905   2.32079442
  2.01021568   4.87755556
  2.18319490  10.25103648
  2.67922677  21.54434690
  5.38232022  45.27921484
  9.14905403  95.16219296
 19.74282074 200.00000000
