  1.00000000   0.25000000
  1.00000000   0.52541875
  0.77777778   1.10425943
  0.44444444   2.32079442
  0.44444444   4.87755556
  1.00000000  10.25103648
  0.44444444  21.54434690
  0.33333333  45.27921484
  0.44444444  95.16219296
  0.22222222 200.00000000
  0.25000000   0.25000000
  0.31885469   0.52541875
  0.46356486   1.10425943
  1.37596610   2.32079442
  3.93272724   4.87755556
  3.93272724  10.25103648
  3.93272724  21.54434690
  3.93272724  45.27921484
  3.93272724  95.16219296
 11.79556277 200.00000000
  1.11152120   0.25000000
  1.28649251   0.52541875
  1.68152047   1.10425943
  1.96847736   2.32079442
  2.04454058   4.87755556
  2.23737223  10.25103648
  3.14466811  21.54434690
  6.15298440  45.27921484
 10.46775946  95.16219296
 22.98577615 200.00000000
