  1.00000000   0.25000000
  1.00000000   0.52541875
  0.77777778   1.10425943
  0.00000000   2.32079442
  0.00000000   4.87755556
  0.66666667  10.25103648
  1.00000000  21.54434690
  0.44444444  45.27921484
  0.33333333  95.16219296
  0.11111111 200.00000000
  0.25000000   0.25000000
  0.25000000   0.52541875
  0.53942034   1.10425943
  1.14768784   2.32079442
  3.70444898   4.87755556
  3.70444898  10.25103648
  3.70444898  21.54434690
  3.70444898  45.27921484
  3.70444898  95.16219296
  8.94633933 200.00000000
  1.03266358   0.25000000
  1.19838797   0.52541875
  1.56045416   1.10425943
  1.81666417   2.32079442
  1.89967939   4.87755556
  2.07982999  10.25103648
  2.24538846  21.54434690
  3.15367814  45.27921484
  5.51903550  95.16219296
 11.02947600 200.00000000
