  1.00000000   0.25000000
  1.00000000   0.52541875
  1.00000000   1.10425943
  0.55555556   2.32079442
  1.00000000   4.87755556
  0.55555556  10.25103648
  0.44444444  21.54434690
  0.33333333  45.27921484
  0.33333333  95.16219296
  0.22222222 200.00000000
  0.25000000   0.25000000
  0.38770937   0.52541875
  0.53241954   1.10425943
  1.14068704   2.32079442
  1.14068704   4.87755556
  1.14068704  10.25103648
  3.96401464  21.54434690
  3.96401464  45.27921484
 16.43475917  95.16219296
 16.43475917 200.00000000
  1.34519860   0.25000000
  1.51832140   0.52541875
  1.88451069   1.10425943
  2.22578698   2.32079442
  2.58426341   4.87755556
  3.58311976  10.25103648
  5.79117513  21.54434690
 10.49065793  45.27921484
 19.30420909  95.16219296
 42.78522667 200.00000000
