  1.00000000   0.25000000
  1.00000000   0.52541875
  0.77777778   1.10425943
  0.55555556   2.32079442
  1.00000000   4.87755556
  0.55555556  10.25103648
  0.44444444  21.54434690
  0.33333333  45.27921484
  0.33333333  95.16219296
  0.22222222 200.00000000
  0.25000000   0.25000000
  0.31885469   0.52541875
  0.46356486   1.10425943
  1.37596610   2.32079442
  1.37596610   4.87755556
  1.37596610  10.25103648
  4.19929370  21.54434690
  4.19929370  45.27921484
 16.67003823  95.16219296
 16.67003823 200.00000000
  1.19916785   0.25000000
  1.37627084   0.52541875
  1.77598196   1.10425943
  2.08978798   2.32079442
  2.24809568   4.87755556
  3.06827504  10.25103648
  4.60243621  21.54434690
  8.63023363  45.27921484
 14.85962214  95.16219296
 33.54736772 200.00000000
