  1.00000000   0.25000000
  1.00000000   0.52541875
  0.77777778   1.10425943
  0.00000000   2.32079442
  0.00000000   4.87755556
  0.55555556  10.25103648
  1.00000000  21.54434690
  0.22222222  45.27921484
  0.44444444  95.16219296
  0.22222222 200.00000000
  0.25000000   0.25000000
  0.25000000   0.52541875
  0.53942034   1.10425943
  1.14768784   2.32079442
  3.70444898   4.87755556
  3.70444898  10.25103648
  3.70444898  21.54434690
  3.70444898  45.27921484
  3.70444898  95.16219296
 11.56728451 200.00000000
  1.07798580   0.25000000
  1.24831444   0.52541875
  1.62819859   1.10425943
  1.90359375   2.32079442
  1.99494356   4.87755556
  2.17913112  10.25103648
  2.45809035  21.54434690
  4.75209731  45.27921484
  8.13633625  95.16219296
 17.29234499 200.00000000
