  1.00000000   0.25000000
  1.00000000   0.52541875
  0.88888889   1.10425943
  0.00000000   2.32079442
  0.00000000   4.87755556
  0.00000000  10.25103648
  0.00000000  21.54434690
  0.55555556  45.27921484
  0.33333333  95.16219296
  0.22222222 200.00000000
  0.24975000   0.25000000
  0.38745937   0.52541875
  0.67687972   1.10425943
  1.58928095   2.32079442
  4.14604210   4.87755556
  4.14604210  10.25103648
 15.43935251  21.54434690
 15.43935251  45.27921484
 15.43935251  95.16219296
 15.43935251 200.00000000
  1.10417171   0.25000000
  1.25378441   0.52541875
  1.42599060   1.10425943
  1.50901109   2.32079442
  1.54520148   4.87755556
  1.59722899  10.25103648
  1.61543756  21.54434690
  1.98584352  45.27921484
  4.02577750  95.16219296
  6.26575263 200.00000000
