  1.00000000   0.25000000
  1.00000000   0.52541875
  1.00000000   1.10425943
  1.00000000   2.32079442
  0.77777778   4.87755556
  0.44444444  10.25103648
  0.44444444  21.54434690
  0.33333333  45.27921484
  0.33333333  95.16219296
  0.22222222 200.00000000
  0.25000000   0.25000000
  0.52541875   0.52541875
  0.67012892   1.10425943
  0.97426266   2.32079442
  0.97426266   4.87755556
  2.31763289  10.25103648
  2.31763289  21.54434690
  8.25134988  45.27921484
  8.25134988  95.16219296
 18.73513058 200.00000000
  1.70719799   0.25000000
  1.99248874   0.52541875
  2.28714001   1.10425943
  2.72139001   2.32079442
  3.40495904   4.87755556
  5.12425622  10.25103648
  8.58822861  21.54434690
 15.71651552  45.27921484
 31.35671023  95.16219296
 66.31560488 200.00000000
