  1.00000000   0.25000000
  1.00000000   0.52541875
  0.77777778   1.10425943
  0.00000000   2.32079442
  0.00000000   4.87755556
  0.66666667  10.25103648
  1.00000000  21.54434690
  0.22222222  45.27921484
  0.44444444  95.16219296
  0.22222222 200.00000000
  0.25000000   0.25000000
  0.25000000   0.52541875
  0.53942034   1.10425943
  1.14768784   2.32079442
  3.70444898   4.87755556
  3.70444898  10.25103648
  3.70444898  21.54434690
  3.70444898  45.27921484
  3.70444898  95.16219296
 11.56728451 200.00000000
  1.06337435   0.25000000
  1.23205548   0.52541875
  1.60624432   1.10425943
  1.87583316   2.32079442
  1.96447600   4.87755556
  2.15984475  10.25103648
  2.36216266  21.54434690
  4.24496403  45.27921484
  7.37166122  95.16219296
 15.40605516 200.00000000
