  1.00000000   0.25000000
  1.00000000   0.52541875
  0.77777778   1.10425943
  0.00000000   2.32079442
  0.00000000   4.87755556
  0.66666667  10.25103648
  1.00000000  21.54434690
  0.55555556  45.27921484
  0.33333333  95.16219296
  0.22222222 200.00000000
  0.24975000   0.25000000
  0.31860469   0.52541875
  0.60802503   1.10425943
  1.52042627   2.32079442
  4.07718741   4.87755556
  4.07718741  10.25103648
  4.07718741  21.54434690
  4.07718741  45.27921484
  4.07718741  95.16219296
 11.94002294 200.00000000
  1.14352569   0.25000000
  1.34874467   0.52541875
  1.59927712   1.10425943
  1.73792216   2.32079442
  1.78922232   4.87755556
  1.97339425  10.25103648
  2.15211005  21.54434690
  2.89960367  45.27921484
  5.00011071  95.16219296
  9.42504186 200.00000000
