  1.00000000   0.25000000
  1.00000000   0.52541875
  0.77777778   1.10425943
  0.00000000   2.32079442
  0.00000000   4.87755556
  0.66666667  10.25103648
  1.00000000  21.54434690
  0.33333333  45.27921484
  0.44444444  95.16219296
  0.22222222 200.00000000
  0.25000000   0.25000000
  0.25000000   0.52541875
  0.53942034   1.10425943
  1.14768784   2.32079442
  3.70444898   4.87755556
  3.70444898  10.25103648
  3.70444898  21.54434690
  3.70444898  45.27921484
  3.70444898  95.16219296
 11.56728451 200.00000000
  1.05232018   0.25000000
  1.21996154   0.52541875
  1.58978934   1.10425943
  1.85464001   2.32079442
  1.94124496   4.87755556
  2.13377855  10.25103648
  2.31276790  21.54434690
  3.85299650  45.27921484
  6.76543537  95.16219296
 13.93483487 200.00000000
