  1.00000000   0.25000000
  1.00000000   0.52541875
  0.77777778   1.10425943
  0.00000000   2.32079442
  0.00000000   4.87755556
  0.00000000  10.25103648
  0.00000000  21.54434690
  0.00000000  45.27921484
  1.00000000  95.16219296
  0.22222222 200.00000000
  0.24975000   0.25000000
  0.38745937   0.52541875
  0.67687972   1.10425943
  1.58928095   2.32079442
  4.14604210   4.87755556
  4.14604210  10.25103648
 15.43935251  21.54434690
 15.43935251  45.27921484
 15.43935251  95.16219296
 15.43935251 200.00000000
  1.07545497   0.25000000
  1.22123186   0.52541875
  1.38925970   1.10425943
  1.46732119   2.32079442
  1.50151686   4.87755556
  1.54153048  10.25103648
  1.55848451  21.54434690
  1.57317936  45.27921484
  1.71596659  95.16219296
  3.89672095 200.00000000
