  1.00000000   0.25000000
  1.00000000   0.52541875
  1.00000000   1.10425943
  1.00000000   2.32079442
  0.66666667   4.87755556
  0.44444444  10.25103648
  0.33333333  21.54434690
  0.33333333  45.27921484
  0.33333333  95.16219296
  0.33333333 200.00000000
  0.25000000   0.25000000
  0.52541875   0.52541875
  0.81483909   1.10425943
  1.11897283   2.32079442
  1.11897283   4.87755556
  2.46234307  10.25103648
  5.28567067  21.54434690
  5.28567067  45.27921484
 17.75641520  95.16219296
 27.42500530 200.00000000
  2.04342498   0.25000000
  2.46606560   0.52541875
  2.81474191   1.10425943
  3.36283793   2.32079442
  4.45832977   4.87755556
  7.03179208  10.25103648
 12.10193028  21.54434690
 23.04707544  45.27921484
 46.41911281  95.16219296
 98.17124678 200.00000000
