  1.00000000   0.25000000
  1.00000000   0.52541875
  0.77777778   1.10425943
  0.00000000   2.32079442
  0.00000000   4.87755556
  0.00000000  10.25103648
  0.00000000  21.54434690
  0.22222222  45.27921484
  1.00000000  95.16219296
  0.22222222 200.00000000
  0.24975000   0.25000000
  0.38745937   0.52541875
  0.67687972   1.10425943
  1.58928095   2.32079442
  4.14604210   4.87755556
  4.14604210  10.25103648
 15.43935251  21.54434690
 21.37306950  45.27921484
 21.37306950  95.16219296
 21.37306950 200.00000000
  1.07553886   0.25000000
  1.22131262   0.52541875
  1.38923137   1.10425943
  1.46716784   2.32079442
  1.50135629   4.87755556
  1.54184812  10.25103648
  1.55880918  21.54434690
  1.56980978  45.27921484
  1.77579967  95.16219296
  4.23433320 200.00000000
