  1.00000000   0.25000000
  1.00000000   0.52541875
  1.00000000   1.10425943
  1.00000000   2.32079442
  0.44444444   4.87755556
  0.33333333  10.25103648
  0.33333333  21.54434690
  0.33333333  45.27921484
  0.33333333  95.16219296
  0.33333333 200.00000000
  0.25000000   0.25000000
  0.52541875   0.52541875
  0.95954926   1.10425943
  0.95954926   2.32079442
  1.59873954   4.87755556
  2.94210978  10.25103648
  5.76543738  21.54434690
 11.69915437  45.27921484
 24.16989889  95.16219296
 43.98592305 200.00000000
  2.82281579   0.25000000
  3.69841695   0.52541875
  4.44854375   1.10425943
  5.55523812   2.32079442
  8.46114666   4.87755556
 14.58593329  10.25103648
 27.25417804  21.54434690
 53.98162302  45.27921484
109.46770085  95.16219296
229.00777854 200.00000000
