  1.00000000   0.25000000
  1.00000000   0.52541875
  1.00000000   1.10425943
  0.55555556   2.32079442
  0.33333333   4.87755556
  0.33333333  10.25103648
  0.33333333  21.54434690
  0.33333333  45.27921484
  0.33333333  95.16219296
  0.33333333 200.00000000
  0.25000000   0.25000000
  0.52541875   0.52541875
  0.95954926   1.10425943
  1.56781675   2.32079442
  2.84619732   4.87755556
  5.53293779  10.25103648
 11.17959299  21.54434690
 23.04702697  45.27921484
 47.98851602  95.16219296
100.71937362 200.00000000
  4.67791486   0.25000000
  7.69821684   0.52541875
 11.62406798   1.10425943
 19.16238037   2.32079442
 35.91664941   4.87755556
 70.50224379  10.25103648
143.48842551  21.54434690
296.68560899  45.27921484
618.76295730  95.16219296
1295.70010588 200.00000000
