  1.00000000   0.25000000
  1.00000000   0.52541875
  1.00000000   1.10425943
  1.00000000   2.32079442
  0.44444444   4.87755556
  0.33333333  10.25103648
  0.33333333  21.54434690
  0.33333333  45.27921484
  0.33333333  95.16219296
  0.33333333 200.00000000
  0.25000000   0.25000000
  0.52541875   0.52541875
  0.95954926   1.10425943
  1.26368301   2.32079442
  1.90287329   4.87755556
  3.24624352  10.25103648
  6.06957113  21.54434690
 12.00328811  45.27921484
 24.47403264  95.16219296
 51.23133727 200.00000000
  3.23328558   0.25000000
  4.43630780   0.52541875
  5.54951282   1.10425943
  7.29042463   2.32079442
 11.75052005   4.87755556
 20.93864842  10.25103648
 40.33135838  21.54434690
 80.80515758  45.27921484
165.12313046  95.16219296
346.59660131 200.00000000
