  1.00000000   0.25000000
  1.00000000   0.52541875
  1.00000000   1.10425943
  1.00000000   2.32079442
  0.55555556   4.87755556
  0.33333333  10.25103648
  0.33333333  21.54434690
  0.22222222  45.27921484
  0.22222222  95.16219296
  0.22222222 200.00000000
  0.25000000   0.25000000
  0.52541875   0.52541875
  0.95954926   1.10425943
  1.26368301   2.32079442
  1.26368301   4.87755556
  2.60705324  10.25103648
  5.43038084  21.54434690
  5.43038084  45.27921484
 17.90112537  95.16219296
 27.64963722 200.00000000
  7.26774429   0.25000000
  8.66714501   0.52541875
  9.90473879   1.10425943
 11.29931946   2.32079442
 14.91968102   4.87755556
 23.41447501  10.25103648
 40.83354198  21.54434690
 77.34515101  45.27921484
154.80212917  95.16219296
322.23194798 200.00000000
