  1.00000000   0.25000000
  1.00000000   0.52541875
  1.00000000   1.10425943
  1.00000000   2.32079442
  0.77777778   4.87755556
  0.55555556  10.25103648
  0.33333333  21.54434690
  0.33333333  45.27921484
  0.22222222  95.16219296
  0.22222222 200.00000000
  0.25000000   0.25000000
  0.52541875   0.52541875
  0.81483909   1.10425943
  1.11897283   2.32079442
  1.11897283   4.87755556
  2.46234307  10.25103648
  2.46234307  21.54434690
  8.39606005  45.27921484
  8.39606005  95.16219296
 18.87984076 200.00000000
  4.33957504   0.25000000
  4.90607978   0.52541875
  5.38818340   1.10425943
  6.07757833   2.32079442
  7.36498784   4.87755556
 10.09403788  10.25103648
 16.61764223  21.54434690
 28.99447998  45.27921484
 57.32834187  95.16219296
118.04876000 200.00000000
