  1.00000000   0.25000000
  1.00000000   0.52541875
  1.00000000   1.10425943
  1.00000000   2.32079442
  0.77777778   4.87755556
  0.44444444  10.25103648
  0.33333333  21.54434690
  0.22222222  45.27921484
  0.22222222  95.16219296
  0.22222222 200.00000000
  0.25000000   0.25000000
  0.52541875   0.52541875
  0.95954926   1.10425943
  1.26368301   2.32079442
  1.26368301   4.87755556
  2.60705324  10.25103648
  2.60705324  21.54434690
  8.54077022  45.27921484
  8.54077022  95.16219296
 19.02455093 200.00000000
  5.22235837   0.25000000
  6.00469687   0.52541875
  6.66553446   1.10425943
  7.50283699   2.32079442
  9.32296364   4.87755556
 13.29059679  10.25103648
 22.40304155  21.54434690
 40.59499692  45.27921484
 79.45543965  95.16219296
164.29793663 200.00000000
