  1.00000000   0.25000000
  1.00000000   0.52541875
  0.66666667   1.10425943
  0.00000000   2.32079442
  0.00000000   4.87755556
  0.55555556  10.25103648
  1.00000000  21.54434690
  0.33333333  45.27921484
  0.22222222  95.16219296
  0.11111111 200.00000000
  0.24975000   0.25000000
  0.38745937   0.52541875
  0.67687972   1.10425943
  1.58928095   2.32079442
  4.14604210   4.87755556
  4.14604210  10.25103648
  4.14604210  21.54434690
  4.14604210  45.27921484
  4.14604210  95.16219296
 12.00887763 200.00000000
  1.88469215   0.25000000
  2.05490115   0.52541875
  2.26225371   1.10425943
  2.40153492   2.32079442
  2.47035066   4.87755556
  2.64751512  10.25103648
  2.97389910  21.54434690
  4.53700850  45.27921484
  8.40376525  95.16219296
 15.73825171 200.00000000
