  1.00000000   0.25000000
  1.00000000   0.52541875
  1.00000000   1.10425943
  0.55555556   2.32079442
  0.33333333   4.87755556
  0.33333333  10.25103648
  0.22222222  21.54434690
  0.22222222  45.27921484
  0.22222222  95.16219296
  0.22222222 200.00000000
  0.25000000   0.25000000
  0.52541875   0.52541875
  0.95954926   1.10425943
  1.26368301   2.32079442
  1.90287329   4.87755556
  4.58961375  10.25103648
  7.41294136  21.54434690
 19.28037533  45.27921484
 31.75111986  95.16219296
 66.54652625 200.00000000
 18.87386970   0.25000000
 26.84247240   0.52541875
 35.89145474   1.10425943
 50.86791540   2.32079442
 87.33060152   4.87755556
162.63904943  10.25103648
322.27693204  21.54434690
650.17247119  45.27921484
1360.60233886  95.16219296
2839.89400472 200.00000000
