  1.00000000   0.25000000
  1.00000000   0.52541875
  0.66666667   1.10425943
  0.00000000   2.32079442
  0.00000000   4.87755556
  0.22222222  10.25103648
  0.00000000  21.54434690
  1.00000000  45.27921484
  1.00000000  95.16219296
  0.33333333 200.00000000
  0.24975000   0.25000000
  0.38745937   0.52541875
  0.67687972   1.10425943
  1.58928095   2.32079442
  4.14604210   4.87755556
  4.14604210  10.25103648
 12.61602491  21.54434690
 12.61602491  45.27921484
 12.61602491  95.16219296
 12.61602491 200.00000000
  1.83998679   0.25000000
  2.00186228   0.52541875
  2.19936578   1.10425943
  2.32962095   2.32079442
  2.39500538   4.87755556
  2.50880034  10.25103648
  2.56028002  21.54434690
  2.68288139  45.27921484
  2.87450868  95.16219296
  3.34741861 200.00000000
