  1.00000000   0.25000000
  1.00000000   0.52541875
  0.55555556   1.10425943
  0.00000000   2.32079442
  0.00000000   4.87755556
  0.22222222  10.25103648
  1.00000000  21.54434690
  0.33333333  45.27921484
  0.22222222  95.16219296
  0.22222222 200.00000000
  0.24975000   0.25000000
  0.38745937   0.52541875
  0.67687972   1.10425943
  1.58928095   2.32079442
  4.14604210   4.87755556
  4.14604210  10.25103648
  4.14604210  21.54434690
  4.14604210  45.27921484
  4.14604210  95.16219296
 14.62982280 200.00000000
  1.70853309   0.25000000
  1.85987459   0.52541875
  2.04074977   1.10425943
  2.14995945   2.32079442
  2.20708829   4.87755556
  2.31315938  10.25103648
  2.44986396  21.54434690
  3.63097497  45.27921484
  6.83091396  95.16219296
 11.15509910 200.00000000
